>HRAACCGGTT	1-HRAACCGGTT	6.656939	-14424.322735	0	T:14121.0(33.78%),B:2532.3(6.14%),P:1e-6264	Tpos:100.9,Tstd:29.0,Bpos:101.1,Bstd:64.1,StrandBias:0.0,Multiplicity:1.10
0.232	0.316	0.144	0.308
0.393	0.171	0.275	0.160
0.657	0.001	0.297	0.045
0.886	0.001	0.108	0.005
0.001	0.997	0.001	0.001
0.224	0.528	0.009	0.239
0.252	0.001	0.511	0.236
0.001	0.001	0.997	0.001
0.047	0.168	0.001	0.784
0.047	0.213	0.001	0.739
>CYGGTTWDAC	2-CYGGTTWDAC	5.826943	-13512.660403	0	T:25863.0(61.87%),B:9891.7(23.99%),P:1e-5868	Tpos:100.4,Tstd:39.8,Bpos:101.1,Bstd:62.2,StrandBias:-0.0,Multiplicity:1.36
0.001	0.997	0.001	0.001
0.233	0.424	0.004	0.339
0.214	0.001	0.510	0.275
0.001	0.001	0.997	0.001
0.228	0.185	0.001	0.586
0.257	0.282	0.001	0.460
0.291	0.154	0.115	0.440
0.277	0.040	0.324	0.359
0.443	0.006	0.280	0.270
0.001	0.997	0.001	0.001
>VCAAACCGGY	3-VCAAACCGGY	5.673289	-10181.982782	0	T:22737.0(54.39%),B:9162.4(22.22%),P:1e-4421	Tpos:99.7,Tstd:48.6,Bpos:99.6,Bstd:62.0,StrandBias:-0.0,Multiplicity:1.14
0.220	0.253	0.357	0.169
0.175	0.514	0.193	0.118
0.819	0.114	0.019	0.048
0.892	0.008	0.091	0.009
0.858	0.045	0.089	0.008
0.025	0.957	0.009	0.009
0.236	0.483	0.064	0.217
0.193	0.090	0.477	0.240
0.011	0.039	0.910	0.040
0.226	0.379	0.085	0.310
>TGTTTACACA	4-TGTTTACACA	6.724180	-2021.202375	0	T:6728.0(16.10%),B:2869.2(6.96%),P:1e-877	Tpos:101.0,Tstd:54.2,Bpos:98.8,Bstd:61.7,StrandBias:0.0,Multiplicity:1.13
0.013	0.001	0.001	0.985
0.113	0.001	0.885	0.001
0.011	0.010	0.016	0.963
0.001	0.001	0.001	0.997
0.001	0.001	0.057	0.941
0.611	0.001	0.387	0.001
0.015	0.939	0.005	0.041
0.541	0.073	0.010	0.376
0.092	0.520	0.118	0.270
0.698	0.009	0.016	0.277
>NGATGAGTCA	5-NGATGAGTCA	7.609454	-1624.209967	0	T:4067.0(9.73%),B:1454.6(3.53%),P:1e-705	Tpos:100.7,Tstd:51.9,Bpos:97.5,Bstd:59.8,StrandBias:0.0,Multiplicity:1.07
0.245	0.245	0.271	0.239
0.159	0.126	0.513	0.202
0.428	0.247	0.228	0.097
0.009	0.022	0.008	0.961
0.018	0.040	0.760	0.182
0.962	0.007	0.019	0.012
0.080	0.316	0.503	0.101
0.001	0.001	0.105	0.893
0.142	0.849	0.008	0.001
0.990	0.001	0.008	0.001
>ACCTGACCGG	6-ACCTGACCGG	4.871021	-1525.281561	0	T:11936.0(28.56%),B:7250.2(17.59%),P:1e-662	Tpos:99.9,Tstd:50.2,Bpos:100.8,Bstd:62.0,StrandBias:0.0,Multiplicity:1.21
0.578	0.111	0.189	0.122
0.109	0.616	0.154	0.121
0.123	0.630	0.109	0.138
0.138	0.127	0.135	0.600
0.119	0.094	0.670	0.117
0.535	0.170	0.159	0.136
0.108	0.633	0.118	0.141
0.157	0.554	0.129	0.160
0.168	0.131	0.530	0.171
0.121	0.114	0.653	0.112
>CGRCATTCCT	7-CGRCATTCCT	7.745735	-1304.444825	0	T:3891.0(9.31%),B:1535.3(3.72%),P:1e-566	Tpos:99.8,Tstd:47.8,Bpos:100.7,Bstd:59.5,StrandBias:-0.0,Multiplicity:1.06
0.153	0.480	0.228	0.139
0.102	0.261	0.429	0.208
0.340	0.042	0.479	0.140
0.091	0.827	0.081	0.001
0.904	0.001	0.036	0.059
0.001	0.018	0.001	0.980
0.030	0.001	0.063	0.906
0.004	0.935	0.028	0.033
0.007	0.823	0.001	0.169
0.351	0.102	0.030	0.517
>CTAGTAAGCC	8-CTAGTAAGCC	11.293506	-564.368121	0	T:194.0(0.46%),B:4.6(0.01%),P:1e-245	Tpos:99.5,Tstd:44.7,Bpos:143.7,Bstd:64.5,StrandBias:-0.4,Multiplicity:1.00
0.001	0.997	0.001	0.001
0.001	0.001	0.237	0.761
0.761	0.237	0.001	0.001
0.001	0.001	0.997	0.001
0.001	0.172	0.001	0.826
0.997	0.001	0.001	0.001
0.835	0.163	0.001	0.001
0.001	0.001	0.997	0.001
0.001	0.997	0.001	0.001
0.001	0.997	0.001	0.001
>GCTCGAGATA	9-GCTCGAGATA	11.472079	-339.884382	0	T:142.0(0.34%),B:5.7(0.01%),P:1e-147	Tpos:113.2,Tstd:62.9,Bpos:134.3,Bstd:34.1,StrandBias:-0.7,Multiplicity:1.00
0.001	0.001	0.997	0.001
0.001	0.566	0.111	0.322
0.001	0.001	0.001	0.997
0.001	0.754	0.001	0.244
0.001	0.001	0.997	0.001
0.997	0.001	0.001	0.001
0.001	0.001	0.997	0.001
0.997	0.001	0.001	0.001
0.001	0.321	0.001	0.677
0.997	0.001	0.001	0.001
>GCATACTCCC	10-GCATACTCCC	10.296193	-298.318231	0	T:112.0(0.27%),B:3.5(0.01%),P:1e-129	Tpos:104.9,Tstd:34.4,Bpos:33.5,Bstd:13.2,StrandBias:0.1,Multiplicity:1.00
0.100	0.100	0.700	0.100
0.100	0.700	0.100	0.100
0.700	0.100	0.100	0.100
0.100	0.100	0.100	0.700
0.700	0.100	0.100	0.100
0.100	0.700	0.100	0.100
0.100	0.100	0.100	0.700
0.100	0.700	0.100	0.100
0.100	0.700	0.100	0.100
0.100	0.700	0.100	0.100
>ACTGATCTTA	11-ACTGATCTTA	9.872586	-289.968545	0	T:134.0(0.32%),B:6.9(0.02%),P:1e-125	Tpos:104.6,Tstd:72.5,Bpos:152.7,Bstd:46.2,StrandBias:0.3,Multiplicity:1.03
0.997	0.001	0.001	0.001
0.001	0.997	0.001	0.001
0.001	0.019	0.025	0.955
0.001	0.001	0.997	0.001
0.997	0.001	0.001	0.001
0.001	0.001	0.001	0.997
0.001	0.997	0.001	0.001
0.001	0.001	0.001	0.997
0.001	0.001	0.001	0.997
0.997	0.001	0.001	0.001
>GGTTTTACAA	12-GGTTTTACAA	10.296193	-262.543871	0	T:167.0(0.40%),B:14.5(0.04%),P:1e-114	Tpos:95.6,Tstd:82.0,Bpos:56.9,Bstd:40.5,StrandBias:-0.0,Multiplicity:1.01
0.100	0.100	0.700	0.100
0.100	0.100	0.700	0.100
0.100	0.100	0.100	0.700
0.100	0.100	0.100	0.700
0.100	0.100	0.100	0.700
0.100	0.100	0.100	0.700
0.700	0.100	0.100	0.100
0.100	0.700	0.100	0.100
0.700	0.100	0.100	0.100
0.700	0.100	0.100	0.100
>TATAGGGTTA	13-TATAGGGTTA	10.591899	-245.227971	0	T:180.0(0.43%),B:19.2(0.05%),P:1e-106	Tpos:96.9,Tstd:52.4,Bpos:120.7,Bstd:48.4,StrandBias:0.2,Multiplicity:1.01
0.006	0.004	0.260	0.730
0.935	0.001	0.029	0.035
0.001	0.002	0.002	0.995
0.971	0.024	0.001	0.004
0.057	0.024	0.894	0.025
0.011	0.042	0.945	0.002
0.019	0.024	0.903	0.054
0.001	0.245	0.004	0.750
0.004	0.025	0.046	0.925
0.935	0.001	0.021	0.043
>CCTGGYRAAT	14-CCTGGYRAAT	11.261399	-234.025135	0	T:196.0(0.47%),B:25.3(0.06%),P:1e-101	Tpos:100.8,Tstd:35.7,Bpos:89.0,Bstd:64.5,StrandBias:0.2,Multiplicity:1.00
0.010	0.819	0.170	0.001
0.037	0.875	0.035	0.053
0.003	0.062	0.010	0.925
0.001	0.102	0.896	0.001
0.025	0.002	0.972	0.001
0.022	0.453	0.001	0.524
0.368	0.005	0.463	0.164
0.827	0.080	0.090	0.003
0.833	0.165	0.001	0.001
0.003	0.022	0.008	0.967
>CTAATACCCC	15-CTAATACCCC	10.296193	-230.299140	0	T:83.0(0.20%),B:2.7(0.01%),P:1e-100	Tpos:93.9,Tstd:44.2,Bpos:104.9,Bstd:59.0,StrandBias:0.7,Multiplicity:1.00
0.100	0.700	0.100	0.100
0.100	0.100	0.100	0.700
0.700	0.100	0.100	0.100
0.700	0.100	0.100	0.100
0.100	0.100	0.100	0.700
0.700	0.100	0.100	0.100
0.100	0.700	0.100	0.100
0.100	0.700	0.100	0.100
0.100	0.700	0.100	0.100
0.100	0.700	0.100	0.100
>TAGCTTCACG	16-TAGCTTCACG	7.588191	-226.293623	0	T:69.0(0.17%),B:1.9(0.00%),P:1e-98	Tpos:102.1,Tstd:40.6,Bpos:103.1,Bstd:40.9,StrandBias:-0.0,Multiplicity:1.00
0.129	0.062	0.144	0.665
0.597	0.206	0.082	0.115
0.117	0.159	0.621	0.103
0.128	0.528	0.105	0.239
0.144	0.253	0.191	0.413
0.247	0.095	0.099	0.559
0.216	0.459	0.157	0.169
0.548	0.081	0.238	0.133
0.028	0.696	0.191	0.085
0.031	0.133	0.774	0.062
>ATCCTACTAC	17-ATCCTACTAC	10.296193	-208.762023	0	T:94.0(0.22%),B:4.1(0.01%),P:1e-90	Tpos:110.6,Tstd:43.6,Bpos:106.8,Bstd:14.1,StrandBias:0.4,Multiplicity:1.00
0.700	0.100	0.100	0.100
0.100	0.100	0.100	0.700
0.100	0.700	0.100	0.100
0.100	0.700	0.100	0.100
0.100	0.100	0.100	0.700
0.700	0.100	0.100	0.100
0.100	0.700	0.100	0.100
0.100	0.100	0.100	0.700
0.700	0.100	0.100	0.100
0.100	0.700	0.100	0.100
>GCTACAGGAA	18-GCTACAGGAA	10.296193	-204.076745	0	T:116.0(0.28%),B:8.9(0.02%),P:1e-88	Tpos:98.7,Tstd:30.6,Bpos:111.9,Bstd:72.2,StrandBias:0.3,Multiplicity:1.00
0.100	0.100	0.700	0.100
0.100	0.700	0.100	0.100
0.100	0.100	0.100	0.700
0.700	0.100	0.100	0.100
0.100	0.700	0.100	0.100
0.700	0.100	0.100	0.100
0.100	0.100	0.700	0.100
0.100	0.100	0.700	0.100
0.700	0.100	0.100	0.100
0.700	0.100	0.100	0.100
>GTTTGTAACC	19-GTTTGTAACC	10.296193	-188.286758	0	T:105.0(0.25%),B:7.0(0.02%),P:1e-81	Tpos:100.2,Tstd:54.8,Bpos:145.1,Bstd:41.8,StrandBias:-0.3,Multiplicity:1.00
0.100	0.100	0.700	0.100
0.100	0.100	0.100	0.700
0.100	0.100	0.100	0.700
0.100	0.100	0.100	0.700
0.100	0.100	0.700	0.100
0.100	0.100	0.100	0.700
0.700	0.100	0.100	0.100
0.700	0.100	0.100	0.100
0.100	0.700	0.100	0.100
0.100	0.700	0.100	0.100
>AATTCTCAGA	20-AATTCTCAGA	9.676829	-183.058670	0	T:335.0(0.80%),B:95.3(0.23%),P:1e-79	Tpos:103.5,Tstd:54.4,Bpos:109.1,Bstd:55.4,StrandBias:-0.1,Multiplicity:1.00
0.997	0.001	0.001	0.001
0.997	0.001	0.001	0.001
0.031	0.001	0.001	0.967
0.001	0.001	0.037	0.961
0.001	0.997	0.001	0.001
0.001	0.001	0.001	0.997
0.356	0.642	0.001	0.001
0.997	0.001	0.001	0.001
0.001	0.001	0.997	0.001
0.674	0.324	0.001	0.001
>CCCCCCCCCC	21-CCCCCCCCCC	5.762085	-173.964045	0	T:7113.0(17.02%),B:5693.8(13.81%),P:1e-75	Tpos:101.7,Tstd:56.7,Bpos:98.4,Bstd:52.5,StrandBias:0.0,Multiplicity:1.43
0.118	0.588	0.144	0.150
0.066	0.598	0.173	0.163
0.106	0.567	0.172	0.155
0.030	0.621	0.198	0.151
0.106	0.599	0.150	0.145
0.089	0.656	0.129	0.126
0.117	0.585	0.170	0.128
0.111	0.587	0.176	0.126
0.106	0.597	0.161	0.136
0.116	0.596	0.159	0.129
>GCTGATTAAT	22-GCTGATTAAT	10.296193	-171.413294	0	T:88.0(0.21%),B:5.8(0.01%),P:1e-74	Tpos:93.5,Tstd:69.9,Bpos:84.8,Bstd:61.1,StrandBias:-0.2,Multiplicity:1.01
0.100	0.100	0.700	0.100
0.100	0.700	0.100	0.100
0.100	0.100	0.100	0.700
0.100	0.100	0.700	0.100
0.700	0.100	0.100	0.100
0.100	0.100	0.100	0.700
0.100	0.100	0.100	0.700
0.700	0.100	0.100	0.100
0.700	0.100	0.100	0.100
0.100	0.100	0.100	0.700
>CTTTACGGTT	23-CTTTACGGTT	11.150383	-166.449523	0	T:133.0(0.32%),B:16.0(0.04%),P:1e-72	Tpos:105.1,Tstd:43.3,Bpos:136.0,Bstd:47.7,StrandBias:0.1,Multiplicity:1.00
0.001	0.997	0.001	0.001
0.001	0.001	0.001	0.997
0.001	0.192	0.192	0.615
0.001	0.001	0.001	0.997
0.997	0.001	0.001	0.001
0.001	0.577	0.421	0.001
0.001	0.001	0.997	0.001
0.001	0.001	0.997	0.001
0.001	0.001	0.001	0.997
0.001	0.191	0.001	0.807
>TAAGCTGACA	24-TAAGCTGACA	11.749952	-161.762323	0	T:147.0(0.35%),B:21.2(0.05%),P:1e-70	Tpos:104.3,Tstd:41.6,Bpos:112.0,Bstd:71.3,StrandBias:-0.1,Multiplicity:1.00
0.001	0.001	0.001	0.997
0.707	0.291	0.001	0.001
0.590	0.408	0.001	0.001
0.001	0.001	0.997	0.001
0.001	0.997	0.001	0.001
0.001	0.140	0.140	0.719
0.001	0.001	0.997	0.001
0.997	0.001	0.001	0.001
0.001	0.997	0.001	0.001
0.997	0.001	0.001	0.001
>GTTTGCAAGA	25-GTTTGCAAGA	7.942025	-110.490897	0	T:102.0(0.24%),B:15.7(0.04%),P:1e-47	Tpos:112.3,Tstd:68.3,Bpos:110.0,Bstd:34.4,StrandBias:0.2,Multiplicity:1.00
0.001	0.001	0.997	0.001
0.001	0.001	0.001	0.997
0.001	0.001	0.001	0.997
0.001	0.004	0.001	0.994
0.001	0.001	0.997	0.001
0.001	0.997	0.001	0.001
0.997	0.001	0.001	0.001
0.687	0.311	0.001	0.001
0.001	0.001	0.997	0.001
0.997	0.001	0.001	0.001
