>AAACCGGT	1-AAACCGGT	4.533187	-13033.617582	0	T:24625.0(58.91%),B:9171.3(22.24%),P:1e-5660	Tpos:100.6,Tstd:35.0,Bpos:99.9,Bstd:63.8,StrandBias:0.0,Multiplicity:1.32
0.892	0.023	0.060	0.025
0.957	0.001	0.036	0.006
0.987	0.001	0.007	0.005
0.001	0.997	0.001	0.001
0.169	0.641	0.006	0.184
0.193	0.001	0.627	0.179
0.001	0.001	0.997	0.001
0.016	0.017	0.001	0.966
>AACCGGMW	2-AACCGGMW	5.330469	-10693.394546	0	T:23649.0(56.58%),B:9588.6(23.26%),P:1e-4644	Tpos:100.6,Tstd:44.1,Bpos:99.0,Bstd:63.9,StrandBias:0.0,Multiplicity:1.17
0.756	0.030	0.195	0.019
0.757	0.066	0.142	0.035
0.017	0.894	0.032	0.057
0.171	0.579	0.066	0.184
0.220	0.074	0.442	0.264
0.090	0.036	0.849	0.025
0.392	0.434	0.033	0.142
0.330	0.207	0.039	0.424
>WWCYYGYY	3-WWCYYGYY	4.403958	-8619.156240	0	T:33229.0(79.50%),B:19926.8(48.33%),P:1e-3743	Tpos:100.0,Tstd:51.3,Bpos:100.5,Bstd:62.7,StrandBias:0.0,Multiplicity:1.24
0.393	0.139	0.214	0.254
0.436	0.001	0.274	0.289
0.054	0.805	0.140	0.001
0.088	0.473	0.025	0.415
0.101	0.340	0.181	0.378
0.135	0.001	0.863	0.001
0.157	0.377	0.001	0.465
0.148	0.333	0.040	0.479
>TAGCCDGC	4-TAGCCDGC	2.729449	-6028.002716	0	T:25598.0(61.24%),B:14363.3(34.84%),P:1e-2617	Tpos:98.2,Tstd:54.8,Bpos:101.2,Bstd:62.2,StrandBias:-0.0,Multiplicity:1.10
0.286	0.008	0.270	0.436
0.997	0.001	0.001	0.001
0.185	0.001	0.813	0.001
0.001	0.997	0.001	0.001
0.018	0.980	0.001	0.001
0.359	0.001	0.283	0.356
0.001	0.001	0.997	0.001
0.001	0.731	0.001	0.267
>CCGGTCCG	5-CCGGTCCG	4.285485	-1853.313922	0	T:22265.0(53.27%),B:15898.4(38.56%),P:1e-804	Tpos:100.3,Tstd:51.7,Bpos:100.4,Bstd:61.7,StrandBias:0.0,Multiplicity:1.68
0.062	0.779	0.091	0.068
0.191	0.597	0.071	0.141
0.152	0.111	0.530	0.207
0.080	0.087	0.766	0.067
0.125	0.194	0.146	0.535
0.103	0.697	0.073	0.127
0.273	0.429	0.116	0.181
0.129	0.066	0.665	0.140
>DGYAAACA	6-DGYAAACA	7.294437	-1645.729641	0	T:7404.0(17.71%),B:3629.2(8.80%),P:1e-714	Tpos:100.0,Tstd:55.2,Bpos:99.9,Bstd:62.5,StrandBias:-0.0,Multiplicity:1.14
0.382	0.028	0.247	0.343
0.149	0.045	0.739	0.067
0.005	0.431	0.009	0.555
0.942	0.042	0.001	0.015
0.936	0.038	0.025	0.001
0.945	0.010	0.018	0.027
0.050	0.650	0.001	0.299
0.890	0.053	0.043	0.014
>TGAGTCAT	7-TGAGTCAT	7.156154	-1606.265785	0	T:4490.0(10.74%),B:1717.1(4.16%),P:1e-697	Tpos:100.2,Tstd:52.2,Bpos:98.3,Bstd:60.7,StrandBias:-0.0,Multiplicity:1.08
0.001	0.007	0.001	0.991
0.001	0.001	0.951	0.047
0.997	0.001	0.001	0.001
0.028	0.268	0.665	0.039
0.001	0.001	0.001	0.997
0.009	0.989	0.001	0.001
0.996	0.001	0.002	0.001
0.008	0.219	0.128	0.645
>GACCTGTA	8-GACCTGTA	7.198434	-1547.312310	0	T:3677.0(8.80%),B:1269.5(3.08%),P:1e-671	Tpos:104.8,Tstd:53.7,Bpos:105.2,Bstd:58.5,StrandBias:0.0,Multiplicity:1.02
0.004	0.052	0.910	0.034
0.939	0.001	0.001	0.059
0.001	0.997	0.001	0.001
0.001	0.797	0.074	0.128
0.392	0.001	0.003	0.604
0.066	0.001	0.932	0.001
0.046	0.001	0.001	0.952
0.604	0.274	0.001	0.121
>GTTTGGCA	9-GTTTGGCA	5.870830	-1479.940544	0	T:9060.0(21.67%),B:5023.0(12.18%),P:1e-642	Tpos:100.6,Tstd:56.4,Bpos:100.6,Bstd:62.6,StrandBias:-0.0,Multiplicity:1.08
0.082	0.048	0.844	0.026
0.119	0.075	0.018	0.788
0.044	0.107	0.157	0.692
0.117	0.031	0.038	0.814
0.106	0.021	0.714	0.159
0.187	0.088	0.600	0.125
0.087	0.859	0.031	0.023
0.690	0.175	0.019	0.116
>GGAATGTC	10-GGAATGTC	6.585032	-1330.131281	0	T:6551.0(15.67%),B:3308.4(8.02%),P:1e-577	Tpos:99.4,Tstd:50.3,Bpos:102.0,Bstd:60.9,StrandBias:-0.0,Multiplicity:1.09
0.082	0.002	0.909	0.007
0.032	0.035	0.915	0.018
0.722	0.221	0.001	0.056
0.785	0.074	0.092	0.049
0.100	0.015	0.098	0.787
0.004	0.039	0.778	0.179
0.073	0.318	0.068	0.541
0.196	0.563	0.119	0.122
>ATCTGGTC	11-ATCTGGTC	5.399512	-1195.997812	0	T:16934.0(40.51%),B:12083.0(29.31%),P:1e-519	Tpos:100.5,Tstd:53.9,Bpos:99.2,Bstd:61.5,StrandBias:0.0,Multiplicity:1.21
0.817	0.001	0.001	0.181
0.001	0.030	0.361	0.608
0.016	0.982	0.001	0.001
0.260	0.001	0.001	0.738
0.258	0.001	0.614	0.127
0.389	0.001	0.609	0.001
0.023	0.181	0.001	0.795
0.198	0.708	0.001	0.093
>GTTTATCT	12-GTTTATCT	6.009008	-1180.525805	0	T:9695.0(23.19%),B:5889.0(14.28%),P:1e-512	Tpos:99.8,Tstd:56.7,Bpos:100.6,Bstd:61.1,StrandBias:0.0,Multiplicity:1.14
0.045	0.127	0.586	0.242
0.052	0.316	0.093	0.539
0.031	0.037	0.014	0.918
0.058	0.032	0.058	0.852
0.793	0.014	0.104	0.089
0.054	0.064	0.105	0.777
0.089	0.827	0.026	0.058
0.085	0.143	0.062	0.710
>CYGGAATT	13-CYGGAATT	5.726489	-949.699381	0	T:12776.0(30.56%),B:8843.0(21.45%),P:1e-412	Tpos:100.2,Tstd:56.9,Bpos:101.1,Bstd:61.1,StrandBias:-0.0,Multiplicity:1.14
0.212	0.685	0.001	0.102
0.140	0.338	0.133	0.389
0.001	0.001	0.815	0.183
0.229	0.001	0.769	0.001
0.709	0.001	0.001	0.289
0.997	0.001	0.001	0.001
0.413	0.014	0.001	0.572
0.155	0.232	0.077	0.536
>TTGTKKAC	14-TTGTKKAC	6.784408	-593.960490	0	T:5848.0(13.99%),B:3651.3(8.86%),P:1e-257	Tpos:100.6,Tstd:58.0,Bpos:99.9,Bstd:61.6,StrandBias:-0.0,Multiplicity:1.05
0.175	0.170	0.244	0.410
0.109	0.001	0.037	0.853
0.110	0.001	0.888	0.001
0.085	0.125	0.001	0.789
0.001	0.049	0.445	0.505
0.001	0.001	0.442	0.556
0.960	0.001	0.038	0.001
0.249	0.683	0.067	0.001
>MATRTTTG	15-MATRTTTG	7.937771	-567.842366	0	T:3835.0(9.17%),B:2129.2(5.16%),P:1e-246	Tpos:97.0,Tstd:58.5,Bpos:100.3,Bstd:61.6,StrandBias:0.0,Multiplicity:1.03
0.502	0.495	0.002	0.001
0.650	0.001	0.001	0.348
0.001	0.084	0.001	0.914
0.487	0.001	0.511	0.001
0.001	0.249	0.001	0.749
0.001	0.087	0.001	0.911
0.001	0.026	0.001	0.972
0.002	0.196	0.801	0.001
>GGCTGGCT	16-GGCTGGCT	7.658530	-349.996151	0	T:3052.0(7.30%),B:1822.2(4.42%),P:1e-152	Tpos:100.0,Tstd:50.7,Bpos:100.7,Bstd:64.1,StrandBias:-0.1,Multiplicity:1.30
0.001	0.001	0.997	0.001
0.211	0.001	0.787	0.001
0.001	0.997	0.001	0.001
0.156	0.001	0.001	0.842
0.001	0.001	0.997	0.001
0.001	0.001	0.997	0.001
0.001	0.997	0.001	0.001
0.001	0.001	0.001	0.997
>CCTSAGGC	17-CCTSAGGC	7.488213	-246.419723	0	T:3832.0(9.17%),B:2628.0(6.37%),P:1e-107	Tpos:100.7,Tstd:54.8,Bpos:98.8,Bstd:60.6,StrandBias:0.0,Multiplicity:1.06
0.072	0.840	0.001	0.087
0.079	0.803	0.045	0.073
0.001	0.001	0.001	0.997
0.145	0.417	0.436	0.001
0.554	0.043	0.330	0.073
0.059	0.028	0.800	0.113
0.073	0.001	0.813	0.113
0.001	0.776	0.185	0.038
>CTCCTCCC	18-CTCCTCCC	9.577667	-237.535493	0	T:3432.0(8.21%),B:2316.6(5.62%),P:1e-103	Tpos:99.5,Tstd:56.7,Bpos:98.4,Bstd:56.6,StrandBias:-0.0,Multiplicity:1.08
0.001	0.997	0.001	0.001
0.001	0.001	0.001	0.997
0.001	0.997	0.001	0.001
0.001	0.997	0.001	0.001
0.225	0.001	0.234	0.540
0.001	0.997	0.001	0.001
0.001	0.997	0.001	0.001
0.001	0.997	0.001	0.001
>CACTCCCT	19-CACTCCCT	7.830244	-217.648640	0	T:2983.0(7.14%),B:1988.7(4.82%),P:1e-94	Tpos:98.3,Tstd:57.2,Bpos:99.4,Bstd:59.8,StrandBias:0.0,Multiplicity:1.04
0.074	0.655	0.010	0.261
0.944	0.033	0.022	0.001
0.001	0.966	0.001	0.032
0.181	0.001	0.091	0.727
0.021	0.977	0.001	0.001
0.001	0.988	0.010	0.001
0.001	0.997	0.001	0.001
0.030	0.156	0.001	0.813
>CCCCCCCC	20-CCCCCCCC	6.177672	-210.823593	0	T:7766.0(18.58%),B:6152.3(14.92%),P:1e-91	Tpos:100.6,Tstd:57.3,Bpos:98.1,Bstd:53.8,StrandBias:-0.0,Multiplicity:1.47
0.043	0.658	0.202	0.097
0.058	0.664	0.094	0.184
0.006	0.863	0.064	0.067
0.024	0.750	0.147	0.079
0.055	0.722	0.135	0.088
0.039	0.758	0.128	0.075
0.014	0.865	0.081	0.040
0.061	0.721	0.108	0.110
>TTANTCAB	21-TTANTCAB	7.828739	-191.180011	0	T:2129.0(5.09%),B:1350.4(3.28%),P:1e-83	Tpos:102.1,Tstd:56.9,Bpos:100.0,Bstd:61.2,StrandBias:-0.1,Multiplicity:1.03
0.001	0.001	0.001	0.997
0.001	0.001	0.172	0.826
0.880	0.118	0.001	0.001
0.272	0.284	0.271	0.173
0.143	0.001	0.001	0.855
0.001	0.855	0.001	0.143
0.976	0.001	0.022	0.001
0.001	0.347	0.390	0.261
>TTTCTTGC	22-TTTCTTGC	8.236954	-160.783369	0	T:825.0(1.97%),B:411.5(1.00%),P:1e-69	Tpos:100.1,Tstd:56.2,Bpos:102.2,Bstd:61.3,StrandBias:0.1,Multiplicity:1.01
0.100	0.100	0.100	0.700
0.100	0.100	0.100	0.700
0.100	0.100	0.100	0.700
0.100	0.700	0.100	0.100
0.100	0.100	0.100	0.700
0.100	0.100	0.100	0.700
0.100	0.100	0.700	0.100
0.100	0.700	0.100	0.100
>TCCTGCAG	23-TCCTGCAG	6.554435	-151.573526	0	T:2024.0(4.84%),B:1338.7(3.25%),P:1e-65	Tpos:100.5,Tstd:54.7,Bpos:103.2,Bstd:65.4,StrandBias:0.0,Multiplicity:1.02
0.001	0.001	0.001	0.997
0.001	0.997	0.001	0.001
0.001	0.997	0.001	0.001
0.001	0.001	0.001	0.997
0.001	0.001	0.997	0.001
0.001	0.874	0.001	0.124
0.910	0.088	0.001	0.001
0.001	0.001	0.997	0.001
>AATCTGGC	24-AATCTGGC	8.236954	-118.472669	0	T:469.0(1.12%),B:210.3(0.51%),P:1e-51	Tpos:99.2,Tstd:40.9,Bpos:100.7,Bstd:57.8,StrandBias:-0.2,Multiplicity:1.00
0.700	0.100	0.100	0.100
0.700	0.100	0.100	0.100
0.100	0.100	0.100	0.700
0.100	0.700	0.100	0.100
0.100	0.100	0.100	0.700
0.100	0.100	0.700	0.100
0.100	0.100	0.700	0.100
0.100	0.700	0.100	0.100
>CTTATCAG	25-CTTATCAG	8.236954	-80.974853	0	T:404.0(0.97%),B:201.0(0.49%),P:1e-35	Tpos:96.5,Tstd:64.9,Bpos:94.2,Bstd:64.5,StrandBias:0.3,Multiplicity:1.03
0.100	0.700	0.100	0.100
0.100	0.100	0.100	0.700
0.100	0.100	0.100	0.700
0.700	0.100	0.100	0.100
0.100	0.100	0.100	0.700
0.100	0.700	0.100	0.100
0.700	0.100	0.100	0.100
0.100	0.100	0.700	0.100
