>HRAACCGGTT	1-HRAACCGGTT	6.656939	-14424.322735	0	T:14121.0(33.78%),B:2532.3(6.14%),P:1e-6264	Tpos:100.9,Tstd:29.0,Bpos:101.1,Bstd:64.1,StrandBias:0.0,Multiplicity:1.10
0.232	0.316	0.144	0.308
0.393	0.171	0.275	0.160
0.657	0.001	0.297	0.045
0.886	0.001	0.108	0.005
0.001	0.997	0.001	0.001
0.224	0.528	0.009	0.239
0.252	0.001	0.511	0.236
0.001	0.001	0.997	0.001
0.047	0.168	0.001	0.784
0.047	0.213	0.001	0.739
>CYGGTTWDAC	2-CYGGTTWDAC	5.826943	-13512.660403	0	T:25863.0(61.87%),B:9891.7(23.99%),P:1e-5868	Tpos:100.4,Tstd:39.8,Bpos:101.1,Bstd:62.2,StrandBias:-0.0,Multiplicity:1.36
0.001	0.997	0.001	0.001
0.233	0.424	0.004	0.339
0.214	0.001	0.510	0.275
0.001	0.001	0.997	0.001
0.228	0.185	0.001	0.586
0.257	0.282	0.001	0.460
0.291	0.154	0.115	0.440
0.277	0.040	0.324	0.359
0.443	0.006	0.280	0.270
0.001	0.997	0.001	0.001
>VCAAACCGGY	3-VCAAACCGGY	5.673289	-10181.982782	0	T:22737.0(54.39%),B:9162.4(22.22%),P:1e-4421	Tpos:99.7,Tstd:48.6,Bpos:99.6,Bstd:62.0,StrandBias:-0.0,Multiplicity:1.14
0.220	0.253	0.357	0.169
0.175	0.514	0.193	0.118
0.819	0.114	0.019	0.048
0.892	0.008	0.091	0.009
0.858	0.045	0.089	0.008
0.025	0.957	0.009	0.009
0.236	0.483	0.064	0.217
0.193	0.090	0.477	0.240
0.011	0.039	0.910	0.040
0.226	0.379	0.085	0.310
>TGTTTACACA	4-TGTTTACACA	6.724180	-2021.202375	0	T:6728.0(16.10%),B:2869.2(6.96%),P:1e-877	Tpos:101.0,Tstd:54.2,Bpos:98.8,Bstd:61.7,StrandBias:0.0,Multiplicity:1.13
0.013	0.001	0.001	0.985
0.113	0.001	0.885	0.001
0.011	0.010	0.016	0.963
0.001	0.001	0.001	0.997
0.001	0.001	0.057	0.941
0.611	0.001	0.387	0.001
0.015	0.939	0.005	0.041
0.541	0.073	0.010	0.376
0.092	0.520	0.118	0.270
0.698	0.009	0.016	0.277
>NGATGAGTCA	5-NGATGAGTCA	7.609454	-1624.209967	0	T:4067.0(9.73%),B:1454.6(3.53%),P:1e-705	Tpos:100.7,Tstd:51.9,Bpos:97.5,Bstd:59.8,StrandBias:0.0,Multiplicity:1.07
0.245	0.245	0.271	0.239
0.159	0.126	0.513	0.202
0.428	0.247	0.228	0.097
0.009	0.022	0.008	0.961
0.018	0.040	0.760	0.182
0.962	0.007	0.019	0.012
0.080	0.316	0.503	0.101
0.001	0.001	0.105	0.893
0.142	0.849	0.008	0.001
0.990	0.001	0.008	0.001
>ACCTGACCGG	6-ACCTGACCGG	4.871021	-1525.281561	0	T:11936.0(28.56%),B:7250.2(17.59%),P:1e-662	Tpos:99.9,Tstd:50.2,Bpos:100.8,Bstd:62.0,StrandBias:0.0,Multiplicity:1.21
0.578	0.111	0.189	0.122
0.109	0.616	0.154	0.121
0.123	0.630	0.109	0.138
0.138	0.127	0.135	0.600
0.119	0.094	0.670	0.117
0.535	0.170	0.159	0.136
0.108	0.633	0.118	0.141
0.157	0.554	0.129	0.160
0.168	0.131	0.530	0.171
0.121	0.114	0.653	0.112
>CGRCATTCCT	7-CGRCATTCCT	7.745735	-1304.444825	0	T:3891.0(9.31%),B:1535.3(3.72%),P:1e-566	Tpos:99.8,Tstd:47.8,Bpos:100.7,Bstd:59.5,StrandBias:-0.0,Multiplicity:1.06
0.153	0.480	0.228	0.139
0.102	0.261	0.429	0.208
0.340	0.042	0.479	0.140
0.091	0.827	0.081	0.001
0.904	0.001	0.036	0.059
0.001	0.018	0.001	0.980
0.030	0.001	0.063	0.906
0.004	0.935	0.028	0.033
0.007	0.823	0.001	0.169
0.351	0.102	0.030	0.517
>CTAGTAAGCC	8-CTAGTAAGCC	11.293506	-564.368121	0	T:194.0(0.46%),B:4.6(0.01%),P:1e-245	Tpos:99.5,Tstd:44.7,Bpos:143.7,Bstd:64.5,StrandBias:-0.4,Multiplicity:1.00
0.001	0.997	0.001	0.001
0.001	0.001	0.237	0.761
0.761	0.237	0.001	0.001
0.001	0.001	0.997	0.001
0.001	0.172	0.001	0.826
0.997	0.001	0.001	0.001
0.835	0.163	0.001	0.001
0.001	0.001	0.997	0.001
0.001	0.997	0.001	0.001
0.001	0.997	0.001	0.001
>GCTCGAGATA	9-GCTCGAGATA	11.472079	-339.884382	0	T:142.0(0.34%),B:5.7(0.01%),P:1e-147	Tpos:113.2,Tstd:62.9,Bpos:134.3,Bstd:34.1,StrandBias:-0.7,Multiplicity:1.00
0.001	0.001	0.997	0.001
0.001	0.566	0.111	0.322
0.001	0.001	0.001	0.997
0.001	0.754	0.001	0.244
0.001	0.001	0.997	0.001
0.997	0.001	0.001	0.001
0.001	0.001	0.997	0.001
0.997	0.001	0.001	0.001
0.001	0.321	0.001	0.677
0.997	0.001	0.001	0.001
>GCATACTCCC	10-GCATACTCCC	10.296193	-298.318231	0	T:112.0(0.27%),B:3.5(0.01%),P:1e-129	Tpos:104.9,Tstd:34.4,Bpos:33.5,Bstd:13.2,StrandBias:0.1,Multiplicity:1.00
0.100	0.100	0.700	0.100
0.100	0.700	0.100	0.100
0.700	0.100	0.100	0.100
0.100	0.100	0.100	0.700
0.700	0.100	0.100	0.100
0.100	0.700	0.100	0.100
0.100	0.100	0.100	0.700
0.100	0.700	0.100	0.100
0.100	0.700	0.100	0.100
0.100	0.700	0.100	0.100
>ACTGATCTTA	11-ACTGATCTTA	9.872586	-289.968545	0	T:134.0(0.32%),B:6.9(0.02%),P:1e-125	Tpos:104.6,Tstd:72.5,Bpos:152.7,Bstd:46.2,StrandBias:0.3,Multiplicity:1.03
0.997	0.001	0.001	0.001
0.001	0.997	0.001	0.001
0.001	0.019	0.025	0.955
0.001	0.001	0.997	0.001
0.997	0.001	0.001	0.001
0.001	0.001	0.001	0.997
0.001	0.997	0.001	0.001
0.001	0.001	0.001	0.997
0.001	0.001	0.001	0.997
0.997	0.001	0.001	0.001
>GGTTTTACAA	12-GGTTTTACAA	10.296193	-262.543871	0	T:167.0(0.40%),B:14.5(0.04%),P:1e-114	Tpos:95.6,Tstd:82.0,Bpos:56.9,Bstd:40.5,StrandBias:-0.0,Multiplicity:1.01
0.100	0.100	0.700	0.100
0.100	0.100	0.700	0.100
0.100	0.100	0.100	0.700
0.100	0.100	0.100	0.700
0.100	0.100	0.100	0.700
0.100	0.100	0.100	0.700
0.700	0.100	0.100	0.100
0.100	0.700	0.100	0.100
0.700	0.100	0.100	0.100
0.700	0.100	0.100	0.100
>TATAGGGTTA	13-TATAGGGTTA	10.591899	-245.227971	0	T:180.0(0.43%),B:19.2(0.05%),P:1e-106	Tpos:96.9,Tstd:52.4,Bpos:120.7,Bstd:48.4,StrandBias:0.2,Multiplicity:1.01
0.006	0.004	0.260	0.730
0.935	0.001	0.029	0.035
0.001	0.002	0.002	0.995
0.971	0.024	0.001	0.004
0.057	0.024	0.894	0.025
0.011	0.042	0.945	0.002
0.019	0.024	0.903	0.054
0.001	0.245	0.004	0.750
0.004	0.025	0.046	0.925
0.935	0.001	0.021	0.043
>CCTGGYRAAT	14-CCTGGYRAAT	11.261399	-234.025135	0	T:196.0(0.47%),B:25.3(0.06%),P:1e-101	Tpos:100.8,Tstd:35.7,Bpos:89.0,Bstd:64.5,StrandBias:0.2,Multiplicity:1.00
0.010	0.819	0.170	0.001
0.037	0.875	0.035	0.053
0.003	0.062	0.010	0.925
0.001	0.102	0.896	0.001
0.025	0.002	0.972	0.001
0.022	0.453	0.001	0.524
0.368	0.005	0.463	0.164
0.827	0.080	0.090	0.003
0.833	0.165	0.001	0.001
0.003	0.022	0.008	0.967
>CTAATACCCC	15-CTAATACCCC	10.296193	-230.299140	0	T:83.0(0.20%),B:2.7(0.01%),P:1e-100	Tpos:93.9,Tstd:44.2,Bpos:104.9,Bstd:59.0,StrandBias:0.7,Multiplicity:1.00
0.100	0.700	0.100	0.100
0.100	0.100	0.100	0.700
0.700	0.100	0.100	0.100
0.700	0.100	0.100	0.100
0.100	0.100	0.100	0.700
0.700	0.100	0.100	0.100
0.100	0.700	0.100	0.100
0.100	0.700	0.100	0.100
0.100	0.700	0.100	0.100
0.100	0.700	0.100	0.100
>TAGCTTCACG	16-TAGCTTCACG	7.588191	-226.293623	0	T:69.0(0.17%),B:1.9(0.00%),P:1e-98	Tpos:102.1,Tstd:40.6,Bpos:103.1,Bstd:40.9,StrandBias:-0.0,Multiplicity:1.00
0.129	0.062	0.144	0.665
0.597	0.206	0.082	0.115
0.117	0.159	0.621	0.103
0.128	0.528	0.105	0.239
0.144	0.253	0.191	0.413
0.247	0.095	0.099	0.559
0.216	0.459	0.157	0.169
0.548	0.081	0.238	0.133
0.028	0.696	0.191	0.085
0.031	0.133	0.774	0.062
>ATCCTACTAC	17-ATCCTACTAC	10.296193	-208.762023	0	T:94.0(0.22%),B:4.1(0.01%),P:1e-90	Tpos:110.6,Tstd:43.6,Bpos:106.8,Bstd:14.1,StrandBias:0.4,Multiplicity:1.00
0.700	0.100	0.100	0.100
0.100	0.100	0.100	0.700
0.100	0.700	0.100	0.100
0.100	0.700	0.100	0.100
0.100	0.100	0.100	0.700
0.700	0.100	0.100	0.100
0.100	0.700	0.100	0.100
0.100	0.100	0.100	0.700
0.700	0.100	0.100	0.100
0.100	0.700	0.100	0.100
>GCTACAGGAA	18-GCTACAGGAA	10.296193	-204.076745	0	T:116.0(0.28%),B:8.9(0.02%),P:1e-88	Tpos:98.7,Tstd:30.6,Bpos:111.9,Bstd:72.2,StrandBias:0.3,Multiplicity:1.00
0.100	0.100	0.700	0.100
0.100	0.700	0.100	0.100
0.100	0.100	0.100	0.700
0.700	0.100	0.100	0.100
0.100	0.700	0.100	0.100
0.700	0.100	0.100	0.100
0.100	0.100	0.700	0.100
0.100	0.100	0.700	0.100
0.700	0.100	0.100	0.100
0.700	0.100	0.100	0.100
>GTTTGTAACC	19-GTTTGTAACC	10.296193	-188.286758	0	T:105.0(0.25%),B:7.0(0.02%),P:1e-81	Tpos:100.2,Tstd:54.8,Bpos:145.1,Bstd:41.8,StrandBias:-0.3,Multiplicity:1.00
0.100	0.100	0.700	0.100
0.100	0.100	0.100	0.700
0.100	0.100	0.100	0.700
0.100	0.100	0.100	0.700
0.100	0.100	0.700	0.100
0.100	0.100	0.100	0.700
0.700	0.100	0.100	0.100
0.700	0.100	0.100	0.100
0.100	0.700	0.100	0.100
0.100	0.700	0.100	0.100
>AATTCTCAGA	20-AATTCTCAGA	9.676829	-183.058670	0	T:335.0(0.80%),B:95.3(0.23%),P:1e-79	Tpos:103.5,Tstd:54.4,Bpos:109.1,Bstd:55.4,StrandBias:-0.1,Multiplicity:1.00
0.997	0.001	0.001	0.001
0.997	0.001	0.001	0.001
0.031	0.001	0.001	0.967
0.001	0.001	0.037	0.961
0.001	0.997	0.001	0.001
0.001	0.001	0.001	0.997
0.356	0.642	0.001	0.001
0.997	0.001	0.001	0.001
0.001	0.001	0.997	0.001
0.674	0.324	0.001	0.001
>CCCCCCCCCC	21-CCCCCCCCCC	5.762085	-173.964045	0	T:7113.0(17.02%),B:5693.8(13.81%),P:1e-75	Tpos:101.7,Tstd:56.7,Bpos:98.4,Bstd:52.5,StrandBias:0.0,Multiplicity:1.43
0.118	0.588	0.144	0.150
0.066	0.598	0.173	0.163
0.106	0.567	0.172	0.155
0.030	0.621	0.198	0.151
0.106	0.599	0.150	0.145
0.089	0.656	0.129	0.126
0.117	0.585	0.170	0.128
0.111	0.587	0.176	0.126
0.106	0.597	0.161	0.136
0.116	0.596	0.159	0.129
>GCTGATTAAT	22-GCTGATTAAT	10.296193	-171.413294	0	T:88.0(0.21%),B:5.8(0.01%),P:1e-74	Tpos:93.5,Tstd:69.9,Bpos:84.8,Bstd:61.1,StrandBias:-0.2,Multiplicity:1.01
0.100	0.100	0.700	0.100
0.100	0.700	0.100	0.100
0.100	0.100	0.100	0.700
0.100	0.100	0.700	0.100
0.700	0.100	0.100	0.100
0.100	0.100	0.100	0.700
0.100	0.100	0.100	0.700
0.700	0.100	0.100	0.100
0.700	0.100	0.100	0.100
0.100	0.100	0.100	0.700
>CTTTACGGTT	23-CTTTACGGTT	11.150383	-166.449523	0	T:133.0(0.32%),B:16.0(0.04%),P:1e-72	Tpos:105.1,Tstd:43.3,Bpos:136.0,Bstd:47.7,StrandBias:0.1,Multiplicity:1.00
0.001	0.997	0.001	0.001
0.001	0.001	0.001	0.997
0.001	0.192	0.192	0.615
0.001	0.001	0.001	0.997
0.997	0.001	0.001	0.001
0.001	0.577	0.421	0.001
0.001	0.001	0.997	0.001
0.001	0.001	0.997	0.001
0.001	0.001	0.001	0.997
0.001	0.191	0.001	0.807
>TAAGCTGACA	24-TAAGCTGACA	11.749952	-161.762323	0	T:147.0(0.35%),B:21.2(0.05%),P:1e-70	Tpos:104.3,Tstd:41.6,Bpos:112.0,Bstd:71.3,StrandBias:-0.1,Multiplicity:1.00
0.001	0.001	0.001	0.997
0.707	0.291	0.001	0.001
0.590	0.408	0.001	0.001
0.001	0.001	0.997	0.001
0.001	0.997	0.001	0.001
0.001	0.140	0.140	0.719
0.001	0.001	0.997	0.001
0.997	0.001	0.001	0.001
0.001	0.997	0.001	0.001
0.997	0.001	0.001	0.001
>GTTTGCAAGA	25-GTTTGCAAGA	7.942025	-110.490897	0	T:102.0(0.24%),B:15.7(0.04%),P:1e-47	Tpos:112.3,Tstd:68.3,Bpos:110.0,Bstd:34.4,StrandBias:0.2,Multiplicity:1.00
0.001	0.001	0.997	0.001
0.001	0.001	0.001	0.997
0.001	0.001	0.001	0.997
0.001	0.004	0.001	0.994
0.001	0.001	0.997	0.001
0.001	0.997	0.001	0.001
0.997	0.001	0.001	0.001
0.687	0.311	0.001	0.001
0.001	0.001	0.997	0.001
0.997	0.001	0.001	0.001
>GHAAAACCGGTT	1-GHAAAACCGGTT	6.372513	-21969.236484	0	T:19801.0(47.37%),B:3482.2(8.45%),P:1e-9541	Tpos:100.9,Tstd:27.7,Bpos:99.7,Bstd:63.1,StrandBias:-0.0,Multiplicity:1.14
0.160	0.083	0.679	0.078
0.257	0.372	0.143	0.228
0.419	0.240	0.126	0.215
0.511	0.129	0.249	0.111
0.731	0.006	0.207	0.056
0.770	0.033	0.140	0.057
0.001	0.997	0.001	0.001
0.268	0.468	0.009	0.255
0.307	0.003	0.523	0.167
0.001	0.009	0.961	0.029
0.120	0.122	0.003	0.755
0.085	0.190	0.019	0.706
>GYHWTTCCDGYT	2-GYHWTTCCDGYT	6.654463	-8006.109147	0	T:14391.0(34.43%),B:4554.2(11.05%),P:1e-3476	Tpos:100.3,Tstd:40.0,Bpos:98.3,Bstd:61.6,StrandBias:-0.0,Multiplicity:1.20
0.082	0.081	0.797	0.040
0.226	0.387	0.033	0.355
0.258	0.361	0.076	0.305
0.298	0.195	0.062	0.445
0.048	0.063	0.355	0.534
0.150	0.061	0.261	0.528
0.001	0.997	0.001	0.001
0.237	0.517	0.001	0.245
0.295	0.001	0.318	0.386
0.001	0.076	0.922	0.001
0.062	0.429	0.022	0.486
0.045	0.389	0.014	0.552
>NGRTGAGTCATC	3-NGRTGAGTCATC	6.063372	-1794.402041	0	T:3358.0(8.03%),B:982.5(2.38%),P:1e-779	Tpos:100.3,Tstd:50.9,Bpos:97.8,Bstd:59.8,StrandBias:-0.0,Multiplicity:1.06
0.220	0.259	0.281	0.240
0.204	0.069	0.557	0.170
0.437	0.245	0.314	0.003
0.001	0.001	0.001	0.997
0.001	0.001	0.997	0.001
0.997	0.001	0.001	0.001
0.014	0.298	0.675	0.013
0.003	0.001	0.001	0.995
0.001	0.997	0.001	0.001
0.997	0.001	0.001	0.001
0.001	0.237	0.239	0.523
0.135	0.599	0.117	0.149
>TTGATAAACATC	4-TTGATAAACATC	12.409759	-846.104284	0	T:197.0(0.47%),B:1.8(0.00%),P:1e-367	Tpos:105.5,Tstd:48.3,Bpos:35.9,Bstd:8.5,StrandBias:-0.1,Multiplicity:1.00
0.001	0.001	0.028	0.970
0.001	0.001	0.243	0.755
0.001	0.001	0.764	0.234
0.833	0.165	0.001	0.001
0.001	0.239	0.001	0.759
0.707	0.085	0.001	0.207
0.916	0.001	0.082	0.001
0.918	0.080	0.001	0.001
0.185	0.759	0.055	0.001
0.955	0.041	0.003	0.001
0.001	0.001	0.001	0.997
0.001	0.997	0.001	0.001
>TTCCGAGAATTT	5-TTCCGAGAATTT	11.970017	-574.323405	0	T:144.0(0.34%),B:1.3(0.00%),P:1e-249	Tpos:102.1,Tstd:37.5,Bpos:174.7,Bstd:3.6,StrandBias:0.1,Multiplicity:1.00
0.172	0.001	0.122	0.705
0.001	0.001	0.001	0.997
0.001	0.997	0.001	0.001
0.001	0.767	0.001	0.231
0.001	0.001	0.877	0.121
0.755	0.001	0.122	0.122
0.001	0.165	0.833	0.001
0.797	0.001	0.201	0.001
0.997	0.001	0.001	0.001
0.001	0.001	0.121	0.877
0.001	0.001	0.121	0.877
0.001	0.127	0.001	0.871
>ACCGGTAATCTG	6-ACCGGTAATCTG	11.382627	-471.711994	0	T:123.0(0.29%),B:1.2(0.00%),P:1e-204	Tpos:102.2,Tstd:23.5,Bpos:66.8,Bstd:10.9,StrandBias:-0.2,Multiplicity:1.00
0.832	0.013	0.110	0.045
0.032	0.888	0.032	0.048
0.087	0.760	0.038	0.115
0.252	0.086	0.611	0.051
0.086	0.054	0.828	0.032
0.064	0.086	0.122	0.728
0.892	0.070	0.019	0.019
0.911	0.038	0.019	0.032
0.032	0.099	0.045	0.824
0.019	0.863	0.086	0.032
0.019	0.025	0.019	0.937
0.013	0.025	0.943	0.019
>GCCCTGGTCTCC	7-GCCCTGGTCTCC	11.891951	-471.711994	0	T:123.0(0.29%),B:1.5(0.00%),P:1e-204	Tpos:97.9,Tstd:61.8,Bpos:22.8,Bstd:6.8,StrandBias:0.4,Multiplicity:1.00
0.001	0.001	0.997	0.001
0.001	0.997	0.001	0.001
0.001	0.997	0.001	0.001
0.001	0.997	0.001	0.001
0.001	0.001	0.001	0.997
0.057	0.009	0.933	0.001
0.001	0.001	0.997	0.001
0.001	0.001	0.001	0.997
0.001	0.997	0.001	0.001
0.001	0.001	0.001	0.997
0.001	0.997	0.001	0.001
0.001	0.997	0.001	0.001
>GCTYTTCTAGGC	8-GCTYTTCTAGGC	12.849254	-441.581216	0	T:136.0(0.33%),B:2.5(0.01%),P:1e-191	Tpos:108.5,Tstd:50.3,Bpos:44.4,Bstd:40.6,StrandBias:-0.3,Multiplicity:1.00
0.418	0.001	0.580	0.001
0.010	0.738	0.001	0.251
0.218	0.001	0.001	0.780
0.001	0.487	0.003	0.509
0.072	0.010	0.001	0.917
0.001	0.001	0.037	0.961
0.009	0.989	0.001	0.001
0.219	0.001	0.001	0.779
0.997	0.001	0.001	0.001
0.071	0.001	0.927	0.001
0.081	0.001	0.917	0.001
0.001	0.989	0.009	0.001
>GCACGCATTGTC	9-GCACGCATTGTC	9.642906	-439.477847	0	T:161.0(0.39%),B:4.5(0.01%),P:1e-190	Tpos:101.8,Tstd:55.2,Bpos:92.2,Bstd:68.0,StrandBias:-0.3,Multiplicity:1.00
0.002	0.001	0.995	0.002
0.001	0.992	0.002	0.005
0.997	0.001	0.001	0.001
0.001	0.717	0.002	0.280
0.197	0.001	0.801	0.001
0.002	0.825	0.001	0.172
0.997	0.001	0.001	0.001
0.001	0.002	0.002	0.995
0.001	0.001	0.001	0.997
0.001	0.001	0.997	0.001
0.001	0.001	0.001	0.997
0.001	0.997	0.001	0.001
>YAAGCCTGRGGG	10-YAAGCCTGRGGG	14.001295	-439.016045	0	T:188.0(0.45%),B:7.4(0.02%),P:1e-190	Tpos:100.5,Tstd:46.7,Bpos:116.5,Bstd:35.0,StrandBias:-0.2,Multiplicity:1.00
0.072	0.473	0.030	0.425
0.809	0.051	0.079	0.061
0.876	0.011	0.039	0.074
0.028	0.039	0.915	0.018
0.017	0.924	0.033	0.026
0.014	0.958	0.011	0.017
0.040	0.028	0.015	0.917
0.012	0.051	0.920	0.017
0.494	0.015	0.445	0.047
0.024	0.007	0.953	0.016
0.016	0.010	0.954	0.020
0.030	0.069	0.862	0.039
>AAAACCTAAGAT	11-AAAACCTAAGAT	11.590163	-437.537785	0	T:149.0(0.36%),B:4.0(0.01%),P:1e-190	Tpos:110.6,Tstd:77.3,Bpos:157.9,Bstd:37.8,StrandBias:-0.5,Multiplicity:1.00
0.991	0.007	0.001	0.001
0.996	0.001	0.002	0.001
0.990	0.001	0.008	0.001
0.996	0.001	0.002	0.001
0.001	0.997	0.001	0.001
0.001	0.997	0.001	0.001
0.001	0.001	0.001	0.997
0.987	0.001	0.001	0.011
0.997	0.001	0.001	0.001
0.018	0.001	0.980	0.001
0.997	0.001	0.001	0.001
0.001	0.015	0.001	0.983
>HCTTYARGGTTA	12-HCTTYARGGTTA	11.462420	-420.610664	0	T:131.0(0.31%),B:2.6(0.01%),P:1e-182	Tpos:105.6,Tstd:42.5,Bpos:170.2,Bstd:15.2,StrandBias:0.1,Multiplicity:1.01
0.272	0.255	0.070	0.404
0.001	0.977	0.021	0.001
0.001	0.081	0.001	0.917
0.011	0.001	0.368	0.620
0.001	0.366	0.224	0.409
0.930	0.068	0.001	0.001
0.359	0.001	0.499	0.141
0.001	0.001	0.709	0.289
0.343	0.001	0.565	0.091
0.001	0.001	0.001	0.997
0.001	0.001	0.100	0.898
0.625	0.272	0.001	0.102
>AAAGTATCTCAA	13-AAAGTATCTCAA	13.732353	-395.070259	0	T:138.0(0.33%),B:3.7(0.01%),P:1e-171	Tpos:110.1,Tstd:64.6,Bpos:92.8,Bstd:66.8,StrandBias:0.6,Multiplicity:1.00
0.997	0.001	0.001	0.001
0.997	0.001	0.001	0.001
0.997	0.001	0.001	0.001
0.182	0.001	0.816	0.001
0.242	0.001	0.043	0.714
0.997	0.001	0.001	0.001
0.001	0.001	0.001	0.997
0.001	0.997	0.001	0.001
0.001	0.001	0.001	0.997
0.083	0.833	0.001	0.083
0.631	0.001	0.126	0.242
0.916	0.001	0.001	0.082
>BBTAACCAGCTT	14-BBTAACCAGCTT	9.752572	-394.187889	0	T:158.0(0.38%),B:5.9(0.01%),P:1e-171	Tpos:109.2,Tstd:56.2,Bpos:101.8,Bstd:22.0,StrandBias:0.1,Multiplicity:1.00
0.134	0.265	0.278	0.323
0.133	0.294	0.319	0.255
0.028	0.157	0.193	0.622
0.509	0.149	0.212	0.130
0.891	0.049	0.038	0.022
0.164	0.668	0.054	0.114
0.166	0.795	0.016	0.023
0.680	0.017	0.014	0.289
0.027	0.025	0.682	0.266
0.329	0.633	0.021	0.017
0.094	0.200	0.022	0.684
0.046	0.051	0.055	0.848
>GAGATGGAATCA	15-GAGATGGAATCA	10.698944	-387.457566	0	T:123.0(0.29%),B:2.6(0.01%),P:1e-168	Tpos:96.3,Tstd:65.7,Bpos:77.9,Bstd:29.0,StrandBias:0.4,Multiplicity:1.00
0.061	0.001	0.937	0.001
0.997	0.001	0.001	0.001
0.001	0.001	0.997	0.001
0.997	0.001	0.001	0.001
0.001	0.001	0.001	0.997
0.001	0.001	0.997	0.001
0.001	0.003	0.995	0.001
0.992	0.001	0.001	0.006
0.995	0.003	0.001	0.001
0.006	0.001	0.001	0.992
0.001	0.997	0.001	0.001
0.977	0.021	0.001	0.001
>AGGAACATAAGA	16-AGGAACATAAGA	12.033835	-379.249215	0	T:121.0(0.29%),B:2.2(0.01%),P:1e-164	Tpos:102.4,Tstd:35.3,Bpos:56.4,Bstd:2.1,StrandBias:-0.0,Multiplicity:1.01
0.997	0.001	0.001	0.001
0.001	0.001	0.969	0.029
0.030	0.030	0.910	0.030
0.939	0.030	0.030	0.001
0.860	0.001	0.138	0.001
0.001	0.860	0.001	0.138
0.968	0.001	0.001	0.030
0.001	0.139	0.066	0.794
0.860	0.001	0.001	0.138
0.860	0.001	0.001	0.138
0.001	0.001	0.997	0.001
0.969	0.001	0.001	0.029
>TAYTACCACACA	17-TAYTACCACACA	13.712865	-372.698916	0	T:102.0(0.24%),B:1.5(0.00%),P:1e-161	Tpos:112.2,Tstd:46.4,Bpos:70.5,Bstd:25.1,StrandBias:0.3,Multiplicity:1.00
0.001	0.001	0.001	0.997
0.997	0.001	0.001	0.001
0.001	0.442	0.001	0.556
0.001	0.001	0.001	0.997
0.997	0.001	0.001	0.001
0.278	0.720	0.001	0.001
0.001	0.997	0.001	0.001
0.997	0.001	0.001	0.001
0.001	0.721	0.001	0.277
0.721	0.277	0.001	0.001
0.138	0.860	0.001	0.001
0.997	0.001	0.001	0.001
>CCCTCATCTTGC	18-CCCTCATCTTGC	14.673902	-368.085229	0	T:101.0(0.24%),B:1.9(0.00%),P:1e-159	Tpos:99.1,Tstd:58.2,Bpos:87.0,Bstd:47.5,StrandBias:0.3,Multiplicity:1.00
0.001	0.997	0.001	0.001
0.096	0.807	0.096	0.001
0.095	0.903	0.001	0.001
0.001	0.001	0.001	0.997
0.001	0.623	0.065	0.311
0.997	0.001	0.001	0.001
0.001	0.001	0.001	0.997
0.001	0.997	0.001	0.001
0.001	0.001	0.001	0.997
0.001	0.096	0.096	0.807
0.001	0.001	0.997	0.001
0.001	0.606	0.392	0.001
>CAGCTGACACCA	19-CAGCTGACACCA	11.458249	-366.998754	0	T:118.0(0.28%),B:2.9(0.01%),P:1e-159	Tpos:102.3,Tstd:30.6,Bpos:136.1,Bstd:67.4,StrandBias:-0.3,Multiplicity:1.00
0.001	0.997	0.001	0.001
0.988	0.001	0.010	0.001
0.006	0.001	0.992	0.001
0.001	0.997	0.001	0.001
0.001	0.001	0.001	0.997
0.001	0.001	0.997	0.001
0.997	0.001	0.001	0.001
0.001	0.997	0.001	0.001
0.983	0.001	0.015	0.001
0.001	0.997	0.001	0.001
0.001	0.997	0.001	0.001
0.992	0.001	0.001	0.006
>ARCCAGCYTTTS	20-ARCCAGCYTTTS	9.379426	-364.348631	0	T:1576.0(3.77%),B:733.5(1.78%),P:1e-158	Tpos:98.2,Tstd:53.9,Bpos:100.4,Bstd:62.9,StrandBias:0.1,Multiplicity:1.01
0.901	0.025	0.043	0.031
0.461	0.035	0.447	0.057
0.109	0.525	0.336	0.030
0.002	0.996	0.001	0.001
0.797	0.001	0.001	0.201
0.001	0.001	0.997	0.001
0.118	0.690	0.191	0.001
0.239	0.367	0.001	0.393
0.001	0.275	0.041	0.683
0.001	0.391	0.040	0.568
0.001	0.001	0.030	0.968
0.001	0.423	0.561	0.015
>CTCAAAGGATTT	21-CTCAAAGGATTT	11.472712	-359.911113	0	T:139.0(0.33%),B:4.7(0.01%),P:1e-156	Tpos:108.2,Tstd:59.4,Bpos:113.5,Bstd:28.9,StrandBias:0.4,Multiplicity:1.00
0.039	0.836	0.069	0.056
0.088	0.122	0.003	0.787
0.024	0.851	0.101	0.024
0.751	0.111	0.027	0.111
0.820	0.117	0.030	0.033
0.850	0.015	0.111	0.024
0.388	0.003	0.562	0.047
0.337	0.076	0.523	0.064
0.813	0.040	0.081	0.066
0.101	0.043	0.041	0.815
0.104	0.068	0.105	0.723
0.042	0.018	0.045	0.895
>AGGCATACTCCC	22-AGGCATACTCCC	13.147878	-349.730216	0	T:97.0(0.23%),B:0.8(0.00%),P:1e-151	Tpos:106.7,Tstd:33.1,Bpos:10.0,Bstd:0.0,StrandBias:-0.0,Multiplicity:1.00
0.987	0.001	0.011	0.001
0.033	0.001	0.965	0.001
0.011	0.001	0.987	0.001
0.001	0.994	0.001	0.004
0.997	0.001	0.001	0.001
0.001	0.001	0.003	0.995
0.997	0.001	0.001	0.001
0.001	0.997	0.001	0.001
0.001	0.001	0.001	0.997
0.001	0.994	0.001	0.004
0.001	0.997	0.001	0.001
0.001	0.982	0.001	0.016
>GCCATACAACTA	23-GCCATACAACTA	10.817223	-339.925653	0	T:157.0(0.38%),B:7.9(0.02%),P:1e-147	Tpos:96.4,Tstd:41.5,Bpos:98.1,Bstd:58.0,StrandBias:0.3,Multiplicity:1.01
0.001	0.003	0.995	0.001
0.001	0.997	0.001	0.001
0.005	0.989	0.001	0.005
0.617	0.001	0.012	0.370
0.373	0.001	0.001	0.625
0.997	0.001	0.001	0.001
0.001	0.997	0.001	0.001
0.997	0.001	0.001	0.001
0.997	0.001	0.001	0.001
0.001	0.997	0.001	0.001
0.001	0.001	0.001	0.997
0.623	0.001	0.008	0.368
>CTGCTAYAGRAA	24-CTGCTAYAGRAA	11.220521	-291.267248	0	T:99.0(0.24%),B:2.1(0.00%),P:1e-126	Tpos:102.4,Tstd:26.1,Bpos:153.0,Bstd:0.0,StrandBias:0.4,Multiplicity:1.00
0.005	0.543	0.155	0.297
0.150	0.089	0.087	0.674
0.134	0.013	0.609	0.244
0.124	0.692	0.174	0.010
0.057	0.027	0.065	0.851
0.625	0.039	0.024	0.312
0.088	0.413	0.101	0.398
0.679	0.007	0.006	0.308
0.333	0.005	0.657	0.005
0.362	0.207	0.415	0.017
0.762	0.110	0.004	0.124
0.966	0.010	0.004	0.020
>CCCCCCCCCCCC	25-CCCCCCCCCCCC	6.679120	-184.386920	0	T:4897.0(11.72%),B:3689.9(8.95%),P:1e-80	Tpos:102.5,Tstd:56.4,Bpos:99.3,Bstd:51.1,StrandBias:-0.0,Multiplicity:1.26
0.083	0.654	0.139	0.124
0.093	0.660	0.119	0.128
0.090	0.663	0.120	0.127
0.097	0.659	0.121	0.123
0.091	0.676	0.117	0.116
0.089	0.691	0.105	0.115
0.092	0.689	0.102	0.117
0.092	0.671	0.111	0.126
0.096	0.657	0.115	0.132
0.100	0.654	0.118	0.128
0.097	0.666	0.119	0.118
0.097	0.661	0.121	0.121
>AAACCGGT	1-AAACCGGT	4.533187	-13033.617582	0	T:24625.0(58.91%),B:9171.3(22.24%),P:1e-5660	Tpos:100.6,Tstd:35.0,Bpos:99.9,Bstd:63.8,StrandBias:0.0,Multiplicity:1.32
0.892	0.023	0.060	0.025
0.957	0.001	0.036	0.006
0.987	0.001	0.007	0.005
0.001	0.997	0.001	0.001
0.169	0.641	0.006	0.184
0.193	0.001	0.627	0.179
0.001	0.001	0.997	0.001
0.016	0.017	0.001	0.966
>AACCGGMW	2-AACCGGMW	5.330469	-10693.394546	0	T:23649.0(56.58%),B:9588.6(23.26%),P:1e-4644	Tpos:100.6,Tstd:44.1,Bpos:99.0,Bstd:63.9,StrandBias:0.0,Multiplicity:1.17
0.756	0.030	0.195	0.019
0.757	0.066	0.142	0.035
0.017	0.894	0.032	0.057
0.171	0.579	0.066	0.184
0.220	0.074	0.442	0.264
0.090	0.036	0.849	0.025
0.392	0.434	0.033	0.142
0.330	0.207	0.039	0.424
>WWCYYGYY	3-WWCYYGYY	4.403958	-8619.156240	0	T:33229.0(79.50%),B:19926.8(48.33%),P:1e-3743	Tpos:100.0,Tstd:51.3,Bpos:100.5,Bstd:62.7,StrandBias:0.0,Multiplicity:1.24
0.393	0.139	0.214	0.254
0.436	0.001	0.274	0.289
0.054	0.805	0.140	0.001
0.088	0.473	0.025	0.415
0.101	0.340	0.181	0.378
0.135	0.001	0.863	0.001
0.157	0.377	0.001	0.465
0.148	0.333	0.040	0.479
>TAGCCDGC	4-TAGCCDGC	2.729449	-6028.002716	0	T:25598.0(61.24%),B:14363.3(34.84%),P:1e-2617	Tpos:98.2,Tstd:54.8,Bpos:101.2,Bstd:62.2,StrandBias:-0.0,Multiplicity:1.10
0.286	0.008	0.270	0.436
0.997	0.001	0.001	0.001
0.185	0.001	0.813	0.001
0.001	0.997	0.001	0.001
0.018	0.980	0.001	0.001
0.359	0.001	0.283	0.356
0.001	0.001	0.997	0.001
0.001	0.731	0.001	0.267
>CCGGTCCG	5-CCGGTCCG	4.285485	-1853.313922	0	T:22265.0(53.27%),B:15898.4(38.56%),P:1e-804	Tpos:100.3,Tstd:51.7,Bpos:100.4,Bstd:61.7,StrandBias:0.0,Multiplicity:1.68
0.062	0.779	0.091	0.068
0.191	0.597	0.071	0.141
0.152	0.111	0.530	0.207
0.080	0.087	0.766	0.067
0.125	0.194	0.146	0.535
0.103	0.697	0.073	0.127
0.273	0.429	0.116	0.181
0.129	0.066	0.665	0.140
>DGYAAACA	6-DGYAAACA	7.294437	-1645.729641	0	T:7404.0(17.71%),B:3629.2(8.80%),P:1e-714	Tpos:100.0,Tstd:55.2,Bpos:99.9,Bstd:62.5,StrandBias:-0.0,Multiplicity:1.14
0.382	0.028	0.247	0.343
0.149	0.045	0.739	0.067
0.005	0.431	0.009	0.555
0.942	0.042	0.001	0.015
0.936	0.038	0.025	0.001
0.945	0.010	0.018	0.027
0.050	0.650	0.001	0.299
0.890	0.053	0.043	0.014
>TGAGTCAT	7-TGAGTCAT	7.156154	-1606.265785	0	T:4490.0(10.74%),B:1717.1(4.16%),P:1e-697	Tpos:100.2,Tstd:52.2,Bpos:98.3,Bstd:60.7,StrandBias:-0.0,Multiplicity:1.08
0.001	0.007	0.001	0.991
0.001	0.001	0.951	0.047
0.997	0.001	0.001	0.001
0.028	0.268	0.665	0.039
0.001	0.001	0.001	0.997
0.009	0.989	0.001	0.001
0.996	0.001	0.002	0.001
0.008	0.219	0.128	0.645
>GACCTGTA	8-GACCTGTA	7.198434	-1547.312310	0	T:3677.0(8.80%),B:1269.5(3.08%),P:1e-671	Tpos:104.8,Tstd:53.7,Bpos:105.2,Bstd:58.5,StrandBias:0.0,Multiplicity:1.02
0.004	0.052	0.910	0.034
0.939	0.001	0.001	0.059
0.001	0.997	0.001	0.001
0.001	0.797	0.074	0.128
0.392	0.001	0.003	0.604
0.066	0.001	0.932	0.001
0.046	0.001	0.001	0.952
0.604	0.274	0.001	0.121
>GTTTGGCA	9-GTTTGGCA	5.870830	-1479.940544	0	T:9060.0(21.67%),B:5023.0(12.18%),P:1e-642	Tpos:100.6,Tstd:56.4,Bpos:100.6,Bstd:62.6,StrandBias:-0.0,Multiplicity:1.08
0.082	0.048	0.844	0.026
0.119	0.075	0.018	0.788
0.044	0.107	0.157	0.692
0.117	0.031	0.038	0.814
0.106	0.021	0.714	0.159
0.187	0.088	0.600	0.125
0.087	0.859	0.031	0.023
0.690	0.175	0.019	0.116
>GGAATGTC	10-GGAATGTC	6.585032	-1330.131281	0	T:6551.0(15.67%),B:3308.4(8.02%),P:1e-577	Tpos:99.4,Tstd:50.3,Bpos:102.0,Bstd:60.9,StrandBias:-0.0,Multiplicity:1.09
0.082	0.002	0.909	0.007
0.032	0.035	0.915	0.018
0.722	0.221	0.001	0.056
0.785	0.074	0.092	0.049
0.100	0.015	0.098	0.787
0.004	0.039	0.778	0.179
0.073	0.318	0.068	0.541
0.196	0.563	0.119	0.122
>ATCTGGTC	11-ATCTGGTC	5.399512	-1195.997812	0	T:16934.0(40.51%),B:12083.0(29.31%),P:1e-519	Tpos:100.5,Tstd:53.9,Bpos:99.2,Bstd:61.5,StrandBias:0.0,Multiplicity:1.21
0.817	0.001	0.001	0.181
0.001	0.030	0.361	0.608
0.016	0.982	0.001	0.001
0.260	0.001	0.001	0.738
0.258	0.001	0.614	0.127
0.389	0.001	0.609	0.001
0.023	0.181	0.001	0.795
0.198	0.708	0.001	0.093
>GTTTATCT	12-GTTTATCT	6.009008	-1180.525805	0	T:9695.0(23.19%),B:5889.0(14.28%),P:1e-512	Tpos:99.8,Tstd:56.7,Bpos:100.6,Bstd:61.1,StrandBias:0.0,Multiplicity:1.14
0.045	0.127	0.586	0.242
0.052	0.316	0.093	0.539
0.031	0.037	0.014	0.918
0.058	0.032	0.058	0.852
0.793	0.014	0.104	0.089
0.054	0.064	0.105	0.777
0.089	0.827	0.026	0.058
0.085	0.143	0.062	0.710
>CYGGAATT	13-CYGGAATT	5.726489	-949.699381	0	T:12776.0(30.56%),B:8843.0(21.45%),P:1e-412	Tpos:100.2,Tstd:56.9,Bpos:101.1,Bstd:61.1,StrandBias:-0.0,Multiplicity:1.14
0.212	0.685	0.001	0.102
0.140	0.338	0.133	0.389
0.001	0.001	0.815	0.183
0.229	0.001	0.769	0.001
0.709	0.001	0.001	0.289
0.997	0.001	0.001	0.001
0.413	0.014	0.001	0.572
0.155	0.232	0.077	0.536
>TTGTKKAC	14-TTGTKKAC	6.784408	-593.960490	0	T:5848.0(13.99%),B:3651.3(8.86%),P:1e-257	Tpos:100.6,Tstd:58.0,Bpos:99.9,Bstd:61.6,StrandBias:-0.0,Multiplicity:1.05
0.175	0.170	0.244	0.410
0.109	0.001	0.037	0.853
0.110	0.001	0.888	0.001
0.085	0.125	0.001	0.789
0.001	0.049	0.445	0.505
0.001	0.001	0.442	0.556
0.960	0.001	0.038	0.001
0.249	0.683	0.067	0.001
>MATRTTTG	15-MATRTTTG	7.937771	-567.842366	0	T:3835.0(9.17%),B:2129.2(5.16%),P:1e-246	Tpos:97.0,Tstd:58.5,Bpos:100.3,Bstd:61.6,StrandBias:0.0,Multiplicity:1.03
0.502	0.495	0.002	0.001
0.650	0.001	0.001	0.348
0.001	0.084	0.001	0.914
0.487	0.001	0.511	0.001
0.001	0.249	0.001	0.749
0.001	0.087	0.001	0.911
0.001	0.026	0.001	0.972
0.002	0.196	0.801	0.001
>GGCTGGCT	16-GGCTGGCT	7.658530	-349.996151	0	T:3052.0(7.30%),B:1822.2(4.42%),P:1e-152	Tpos:100.0,Tstd:50.7,Bpos:100.7,Bstd:64.1,StrandBias:-0.1,Multiplicity:1.30
0.001	0.001	0.997	0.001
0.211	0.001	0.787	0.001
0.001	0.997	0.001	0.001
0.156	0.001	0.001	0.842
0.001	0.001	0.997	0.001
0.001	0.001	0.997	0.001
0.001	0.997	0.001	0.001
0.001	0.001	0.001	0.997
>CCTSAGGC	17-CCTSAGGC	7.488213	-246.419723	0	T:3832.0(9.17%),B:2628.0(6.37%),P:1e-107	Tpos:100.7,Tstd:54.8,Bpos:98.8,Bstd:60.6,StrandBias:0.0,Multiplicity:1.06
0.072	0.840	0.001	0.087
0.079	0.803	0.045	0.073
0.001	0.001	0.001	0.997
0.145	0.417	0.436	0.001
0.554	0.043	0.330	0.073
0.059	0.028	0.800	0.113
0.073	0.001	0.813	0.113
0.001	0.776	0.185	0.038
>CTCCTCCC	18-CTCCTCCC	9.577667	-237.535493	0	T:3432.0(8.21%),B:2316.6(5.62%),P:1e-103	Tpos:99.5,Tstd:56.7,Bpos:98.4,Bstd:56.6,StrandBias:-0.0,Multiplicity:1.08
0.001	0.997	0.001	0.001
0.001	0.001	0.001	0.997
0.001	0.997	0.001	0.001
0.001	0.997	0.001	0.001
0.225	0.001	0.234	0.540
0.001	0.997	0.001	0.001
0.001	0.997	0.001	0.001
0.001	0.997	0.001	0.001
>CACTCCCT	19-CACTCCCT	7.830244	-217.648640	0	T:2983.0(7.14%),B:1988.7(4.82%),P:1e-94	Tpos:98.3,Tstd:57.2,Bpos:99.4,Bstd:59.8,StrandBias:0.0,Multiplicity:1.04
0.074	0.655	0.010	0.261
0.944	0.033	0.022	0.001
0.001	0.966	0.001	0.032
0.181	0.001	0.091	0.727
0.021	0.977	0.001	0.001
0.001	0.988	0.010	0.001
0.001	0.997	0.001	0.001
0.030	0.156	0.001	0.813
>CCCCCCCC	20-CCCCCCCC	6.177672	-210.823593	0	T:7766.0(18.58%),B:6152.3(14.92%),P:1e-91	Tpos:100.6,Tstd:57.3,Bpos:98.1,Bstd:53.8,StrandBias:-0.0,Multiplicity:1.47
0.043	0.658	0.202	0.097
0.058	0.664	0.094	0.184
0.006	0.863	0.064	0.067
0.024	0.750	0.147	0.079
0.055	0.722	0.135	0.088
0.039	0.758	0.128	0.075
0.014	0.865	0.081	0.040
0.061	0.721	0.108	0.110
>TTANTCAB	21-TTANTCAB	7.828739	-191.180011	0	T:2129.0(5.09%),B:1350.4(3.28%),P:1e-83	Tpos:102.1,Tstd:56.9,Bpos:100.0,Bstd:61.2,StrandBias:-0.1,Multiplicity:1.03
0.001	0.001	0.001	0.997
0.001	0.001	0.172	0.826
0.880	0.118	0.001	0.001
0.272	0.284	0.271	0.173
0.143	0.001	0.001	0.855
0.001	0.855	0.001	0.143
0.976	0.001	0.022	0.001
0.001	0.347	0.390	0.261
>TTTCTTGC	22-TTTCTTGC	8.236954	-160.783369	0	T:825.0(1.97%),B:411.5(1.00%),P:1e-69	Tpos:100.1,Tstd:56.2,Bpos:102.2,Bstd:61.3,StrandBias:0.1,Multiplicity:1.01
0.100	0.100	0.100	0.700
0.100	0.100	0.100	0.700
0.100	0.100	0.100	0.700
0.100	0.700	0.100	0.100
0.100	0.100	0.100	0.700
0.100	0.100	0.100	0.700
0.100	0.100	0.700	0.100
0.100	0.700	0.100	0.100
>TCCTGCAG	23-TCCTGCAG	6.554435	-151.573526	0	T:2024.0(4.84%),B:1338.7(3.25%),P:1e-65	Tpos:100.5,Tstd:54.7,Bpos:103.2,Bstd:65.4,StrandBias:0.0,Multiplicity:1.02
0.001	0.001	0.001	0.997
0.001	0.997	0.001	0.001
0.001	0.997	0.001	0.001
0.001	0.001	0.001	0.997
0.001	0.001	0.997	0.001
0.001	0.874	0.001	0.124
0.910	0.088	0.001	0.001
0.001	0.001	0.997	0.001
>AATCTGGC	24-AATCTGGC	8.236954	-118.472669	0	T:469.0(1.12%),B:210.3(0.51%),P:1e-51	Tpos:99.2,Tstd:40.9,Bpos:100.7,Bstd:57.8,StrandBias:-0.2,Multiplicity:1.00
0.700	0.100	0.100	0.100
0.700	0.100	0.100	0.100
0.100	0.100	0.100	0.700
0.100	0.700	0.100	0.100
0.100	0.100	0.100	0.700
0.100	0.100	0.700	0.100
0.100	0.100	0.700	0.100
0.100	0.700	0.100	0.100
>CTTATCAG	25-CTTATCAG	8.236954	-80.974853	0	T:404.0(0.97%),B:201.0(0.49%),P:1e-35	Tpos:96.5,Tstd:64.9,Bpos:94.2,Bstd:64.5,StrandBias:0.3,Multiplicity:1.03
0.100	0.700	0.100	0.100
0.100	0.100	0.100	0.700
0.100	0.100	0.100	0.700
0.700	0.100	0.100	0.100
0.100	0.100	0.100	0.700
0.100	0.700	0.100	0.100
0.700	0.100	0.100	0.100
0.100	0.100	0.700	0.100
