>GHAAAACCGGTT	1-GHAAAACCGGTT	6.372513	-21969.236484	0	T:19801.0(47.37%),B:3482.2(8.45%),P:1e-9541	Tpos:100.9,Tstd:27.7,Bpos:99.7,Bstd:63.1,StrandBias:-0.0,Multiplicity:1.14
0.160	0.083	0.679	0.078
0.257	0.372	0.143	0.228
0.419	0.240	0.126	0.215
0.511	0.129	0.249	0.111
0.731	0.006	0.207	0.056
0.770	0.033	0.140	0.057
0.001	0.997	0.001	0.001
0.268	0.468	0.009	0.255
0.307	0.003	0.523	0.167
0.001	0.009	0.961	0.029
0.120	0.122	0.003	0.755
0.085	0.190	0.019	0.706
>GYHWTTCCDGYT	2-GYHWTTCCDGYT	6.654463	-8006.109147	0	T:14391.0(34.43%),B:4554.2(11.05%),P:1e-3476	Tpos:100.3,Tstd:40.0,Bpos:98.3,Bstd:61.6,StrandBias:-0.0,Multiplicity:1.20
0.082	0.081	0.797	0.040
0.226	0.387	0.033	0.355
0.258	0.361	0.076	0.305
0.298	0.195	0.062	0.445
0.048	0.063	0.355	0.534
0.150	0.061	0.261	0.528
0.001	0.997	0.001	0.001
0.237	0.517	0.001	0.245
0.295	0.001	0.318	0.386
0.001	0.076	0.922	0.001
0.062	0.429	0.022	0.486
0.045	0.389	0.014	0.552
>NGRTGAGTCATC	3-NGRTGAGTCATC	6.063372	-1794.402041	0	T:3358.0(8.03%),B:982.5(2.38%),P:1e-779	Tpos:100.3,Tstd:50.9,Bpos:97.8,Bstd:59.8,StrandBias:-0.0,Multiplicity:1.06
0.220	0.259	0.281	0.240
0.204	0.069	0.557	0.170
0.437	0.245	0.314	0.003
0.001	0.001	0.001	0.997
0.001	0.001	0.997	0.001
0.997	0.001	0.001	0.001
0.014	0.298	0.675	0.013
0.003	0.001	0.001	0.995
0.001	0.997	0.001	0.001
0.997	0.001	0.001	0.001
0.001	0.237	0.239	0.523
0.135	0.599	0.117	0.149
>TTGATAAACATC	4-TTGATAAACATC	12.409759	-846.104284	0	T:197.0(0.47%),B:1.8(0.00%),P:1e-367	Tpos:105.5,Tstd:48.3,Bpos:35.9,Bstd:8.5,StrandBias:-0.1,Multiplicity:1.00
0.001	0.001	0.028	0.970
0.001	0.001	0.243	0.755
0.001	0.001	0.764	0.234
0.833	0.165	0.001	0.001
0.001	0.239	0.001	0.759
0.707	0.085	0.001	0.207
0.916	0.001	0.082	0.001
0.918	0.080	0.001	0.001
0.185	0.759	0.055	0.001
0.955	0.041	0.003	0.001
0.001	0.001	0.001	0.997
0.001	0.997	0.001	0.001
>TTCCGAGAATTT	5-TTCCGAGAATTT	11.970017	-574.323405	0	T:144.0(0.34%),B:1.3(0.00%),P:1e-249	Tpos:102.1,Tstd:37.5,Bpos:174.7,Bstd:3.6,StrandBias:0.1,Multiplicity:1.00
0.172	0.001	0.122	0.705
0.001	0.001	0.001	0.997
0.001	0.997	0.001	0.001
0.001	0.767	0.001	0.231
0.001	0.001	0.877	0.121
0.755	0.001	0.122	0.122
0.001	0.165	0.833	0.001
0.797	0.001	0.201	0.001
0.997	0.001	0.001	0.001
0.001	0.001	0.121	0.877
0.001	0.001	0.121	0.877
0.001	0.127	0.001	0.871
>ACCGGTAATCTG	6-ACCGGTAATCTG	11.382627	-471.711994	0	T:123.0(0.29%),B:1.2(0.00%),P:1e-204	Tpos:102.2,Tstd:23.5,Bpos:66.8,Bstd:10.9,StrandBias:-0.2,Multiplicity:1.00
0.832	0.013	0.110	0.045
0.032	0.888	0.032	0.048
0.087	0.760	0.038	0.115
0.252	0.086	0.611	0.051
0.086	0.054	0.828	0.032
0.064	0.086	0.122	0.728
0.892	0.070	0.019	0.019
0.911	0.038	0.019	0.032
0.032	0.099	0.045	0.824
0.019	0.863	0.086	0.032
0.019	0.025	0.019	0.937
0.013	0.025	0.943	0.019
>GCCCTGGTCTCC	7-GCCCTGGTCTCC	11.891951	-471.711994	0	T:123.0(0.29%),B:1.5(0.00%),P:1e-204	Tpos:97.9,Tstd:61.8,Bpos:22.8,Bstd:6.8,StrandBias:0.4,Multiplicity:1.00
0.001	0.001	0.997	0.001
0.001	0.997	0.001	0.001
0.001	0.997	0.001	0.001
0.001	0.997	0.001	0.001
0.001	0.001	0.001	0.997
0.057	0.009	0.933	0.001
0.001	0.001	0.997	0.001
0.001	0.001	0.001	0.997
0.001	0.997	0.001	0.001
0.001	0.001	0.001	0.997
0.001	0.997	0.001	0.001
0.001	0.997	0.001	0.001
>GCTYTTCTAGGC	8-GCTYTTCTAGGC	12.849254	-441.581216	0	T:136.0(0.33%),B:2.5(0.01%),P:1e-191	Tpos:108.5,Tstd:50.3,Bpos:44.4,Bstd:40.6,StrandBias:-0.3,Multiplicity:1.00
0.418	0.001	0.580	0.001
0.010	0.738	0.001	0.251
0.218	0.001	0.001	0.780
0.001	0.487	0.003	0.509
0.072	0.010	0.001	0.917
0.001	0.001	0.037	0.961
0.009	0.989	0.001	0.001
0.219	0.001	0.001	0.779
0.997	0.001	0.001	0.001
0.071	0.001	0.927	0.001
0.081	0.001	0.917	0.001
0.001	0.989	0.009	0.001
>GCACGCATTGTC	9-GCACGCATTGTC	9.642906	-439.477847	0	T:161.0(0.39%),B:4.5(0.01%),P:1e-190	Tpos:101.8,Tstd:55.2,Bpos:92.2,Bstd:68.0,StrandBias:-0.3,Multiplicity:1.00
0.002	0.001	0.995	0.002
0.001	0.992	0.002	0.005
0.997	0.001	0.001	0.001
0.001	0.717	0.002	0.280
0.197	0.001	0.801	0.001
0.002	0.825	0.001	0.172
0.997	0.001	0.001	0.001
0.001	0.002	0.002	0.995
0.001	0.001	0.001	0.997
0.001	0.001	0.997	0.001
0.001	0.001	0.001	0.997
0.001	0.997	0.001	0.001
>YAAGCCTGRGGG	10-YAAGCCTGRGGG	14.001295	-439.016045	0	T:188.0(0.45%),B:7.4(0.02%),P:1e-190	Tpos:100.5,Tstd:46.7,Bpos:116.5,Bstd:35.0,StrandBias:-0.2,Multiplicity:1.00
0.072	0.473	0.030	0.425
0.809	0.051	0.079	0.061
0.876	0.011	0.039	0.074
0.028	0.039	0.915	0.018
0.017	0.924	0.033	0.026
0.014	0.958	0.011	0.017
0.040	0.028	0.015	0.917
0.012	0.051	0.920	0.017
0.494	0.015	0.445	0.047
0.024	0.007	0.953	0.016
0.016	0.010	0.954	0.020
0.030	0.069	0.862	0.039
>AAAACCTAAGAT	11-AAAACCTAAGAT	11.590163	-437.537785	0	T:149.0(0.36%),B:4.0(0.01%),P:1e-190	Tpos:110.6,Tstd:77.3,Bpos:157.9,Bstd:37.8,StrandBias:-0.5,Multiplicity:1.00
0.991	0.007	0.001	0.001
0.996	0.001	0.002	0.001
0.990	0.001	0.008	0.001
0.996	0.001	0.002	0.001
0.001	0.997	0.001	0.001
0.001	0.997	0.001	0.001
0.001	0.001	0.001	0.997
0.987	0.001	0.001	0.011
0.997	0.001	0.001	0.001
0.018	0.001	0.980	0.001
0.997	0.001	0.001	0.001
0.001	0.015	0.001	0.983
>HCTTYARGGTTA	12-HCTTYARGGTTA	11.462420	-420.610664	0	T:131.0(0.31%),B:2.6(0.01%),P:1e-182	Tpos:105.6,Tstd:42.5,Bpos:170.2,Bstd:15.2,StrandBias:0.1,Multiplicity:1.01
0.272	0.255	0.070	0.404
0.001	0.977	0.021	0.001
0.001	0.081	0.001	0.917
0.011	0.001	0.368	0.620
0.001	0.366	0.224	0.409
0.930	0.068	0.001	0.001
0.359	0.001	0.499	0.141
0.001	0.001	0.709	0.289
0.343	0.001	0.565	0.091
0.001	0.001	0.001	0.997
0.001	0.001	0.100	0.898
0.625	0.272	0.001	0.102
>AAAGTATCTCAA	13-AAAGTATCTCAA	13.732353	-395.070259	0	T:138.0(0.33%),B:3.7(0.01%),P:1e-171	Tpos:110.1,Tstd:64.6,Bpos:92.8,Bstd:66.8,StrandBias:0.6,Multiplicity:1.00
0.997	0.001	0.001	0.001
0.997	0.001	0.001	0.001
0.997	0.001	0.001	0.001
0.182	0.001	0.816	0.001
0.242	0.001	0.043	0.714
0.997	0.001	0.001	0.001
0.001	0.001	0.001	0.997
0.001	0.997	0.001	0.001
0.001	0.001	0.001	0.997
0.083	0.833	0.001	0.083
0.631	0.001	0.126	0.242
0.916	0.001	0.001	0.082
>BBTAACCAGCTT	14-BBTAACCAGCTT	9.752572	-394.187889	0	T:158.0(0.38%),B:5.9(0.01%),P:1e-171	Tpos:109.2,Tstd:56.2,Bpos:101.8,Bstd:22.0,StrandBias:0.1,Multiplicity:1.00
0.134	0.265	0.278	0.323
0.133	0.294	0.319	0.255
0.028	0.157	0.193	0.622
0.509	0.149	0.212	0.130
0.891	0.049	0.038	0.022
0.164	0.668	0.054	0.114
0.166	0.795	0.016	0.023
0.680	0.017	0.014	0.289
0.027	0.025	0.682	0.266
0.329	0.633	0.021	0.017
0.094	0.200	0.022	0.684
0.046	0.051	0.055	0.848
>GAGATGGAATCA	15-GAGATGGAATCA	10.698944	-387.457566	0	T:123.0(0.29%),B:2.6(0.01%),P:1e-168	Tpos:96.3,Tstd:65.7,Bpos:77.9,Bstd:29.0,StrandBias:0.4,Multiplicity:1.00
0.061	0.001	0.937	0.001
0.997	0.001	0.001	0.001
0.001	0.001	0.997	0.001
0.997	0.001	0.001	0.001
0.001	0.001	0.001	0.997
0.001	0.001	0.997	0.001
0.001	0.003	0.995	0.001
0.992	0.001	0.001	0.006
0.995	0.003	0.001	0.001
0.006	0.001	0.001	0.992
0.001	0.997	0.001	0.001
0.977	0.021	0.001	0.001
>AGGAACATAAGA	16-AGGAACATAAGA	12.033835	-379.249215	0	T:121.0(0.29%),B:2.2(0.01%),P:1e-164	Tpos:102.4,Tstd:35.3,Bpos:56.4,Bstd:2.1,StrandBias:-0.0,Multiplicity:1.01
0.997	0.001	0.001	0.001
0.001	0.001	0.969	0.029
0.030	0.030	0.910	0.030
0.939	0.030	0.030	0.001
0.860	0.001	0.138	0.001
0.001	0.860	0.001	0.138
0.968	0.001	0.001	0.030
0.001	0.139	0.066	0.794
0.860	0.001	0.001	0.138
0.860	0.001	0.001	0.138
0.001	0.001	0.997	0.001
0.969	0.001	0.001	0.029
>TAYTACCACACA	17-TAYTACCACACA	13.712865	-372.698916	0	T:102.0(0.24%),B:1.5(0.00%),P:1e-161	Tpos:112.2,Tstd:46.4,Bpos:70.5,Bstd:25.1,StrandBias:0.3,Multiplicity:1.00
0.001	0.001	0.001	0.997
0.997	0.001	0.001	0.001
0.001	0.442	0.001	0.556
0.001	0.001	0.001	0.997
0.997	0.001	0.001	0.001
0.278	0.720	0.001	0.001
0.001	0.997	0.001	0.001
0.997	0.001	0.001	0.001
0.001	0.721	0.001	0.277
0.721	0.277	0.001	0.001
0.138	0.860	0.001	0.001
0.997	0.001	0.001	0.001
>CCCTCATCTTGC	18-CCCTCATCTTGC	14.673902	-368.085229	0	T:101.0(0.24%),B:1.9(0.00%),P:1e-159	Tpos:99.1,Tstd:58.2,Bpos:87.0,Bstd:47.5,StrandBias:0.3,Multiplicity:1.00
0.001	0.997	0.001	0.001
0.096	0.807	0.096	0.001
0.095	0.903	0.001	0.001
0.001	0.001	0.001	0.997
0.001	0.623	0.065	0.311
0.997	0.001	0.001	0.001
0.001	0.001	0.001	0.997
0.001	0.997	0.001	0.001
0.001	0.001	0.001	0.997
0.001	0.096	0.096	0.807
0.001	0.001	0.997	0.001
0.001	0.606	0.392	0.001
>CAGCTGACACCA	19-CAGCTGACACCA	11.458249	-366.998754	0	T:118.0(0.28%),B:2.9(0.01%),P:1e-159	Tpos:102.3,Tstd:30.6,Bpos:136.1,Bstd:67.4,StrandBias:-0.3,Multiplicity:1.00
0.001	0.997	0.001	0.001
0.988	0.001	0.010	0.001
0.006	0.001	0.992	0.001
0.001	0.997	0.001	0.001
0.001	0.001	0.001	0.997
0.001	0.001	0.997	0.001
0.997	0.001	0.001	0.001
0.001	0.997	0.001	0.001
0.983	0.001	0.015	0.001
0.001	0.997	0.001	0.001
0.001	0.997	0.001	0.001
0.992	0.001	0.001	0.006
>ARCCAGCYTTTS	20-ARCCAGCYTTTS	9.379426	-364.348631	0	T:1576.0(3.77%),B:733.5(1.78%),P:1e-158	Tpos:98.2,Tstd:53.9,Bpos:100.4,Bstd:62.9,StrandBias:0.1,Multiplicity:1.01
0.901	0.025	0.043	0.031
0.461	0.035	0.447	0.057
0.109	0.525	0.336	0.030
0.002	0.996	0.001	0.001
0.797	0.001	0.001	0.201
0.001	0.001	0.997	0.001
0.118	0.690	0.191	0.001
0.239	0.367	0.001	0.393
0.001	0.275	0.041	0.683
0.001	0.391	0.040	0.568
0.001	0.001	0.030	0.968
0.001	0.423	0.561	0.015
>CTCAAAGGATTT	21-CTCAAAGGATTT	11.472712	-359.911113	0	T:139.0(0.33%),B:4.7(0.01%),P:1e-156	Tpos:108.2,Tstd:59.4,Bpos:113.5,Bstd:28.9,StrandBias:0.4,Multiplicity:1.00
0.039	0.836	0.069	0.056
0.088	0.122	0.003	0.787
0.024	0.851	0.101	0.024
0.751	0.111	0.027	0.111
0.820	0.117	0.030	0.033
0.850	0.015	0.111	0.024
0.388	0.003	0.562	0.047
0.337	0.076	0.523	0.064
0.813	0.040	0.081	0.066
0.101	0.043	0.041	0.815
0.104	0.068	0.105	0.723
0.042	0.018	0.045	0.895
>AGGCATACTCCC	22-AGGCATACTCCC	13.147878	-349.730216	0	T:97.0(0.23%),B:0.8(0.00%),P:1e-151	Tpos:106.7,Tstd:33.1,Bpos:10.0,Bstd:0.0,StrandBias:-0.0,Multiplicity:1.00
0.987	0.001	0.011	0.001
0.033	0.001	0.965	0.001
0.011	0.001	0.987	0.001
0.001	0.994	0.001	0.004
0.997	0.001	0.001	0.001
0.001	0.001	0.003	0.995
0.997	0.001	0.001	0.001
0.001	0.997	0.001	0.001
0.001	0.001	0.001	0.997
0.001	0.994	0.001	0.004
0.001	0.997	0.001	0.001
0.001	0.982	0.001	0.016
>GCCATACAACTA	23-GCCATACAACTA	10.817223	-339.925653	0	T:157.0(0.38%),B:7.9(0.02%),P:1e-147	Tpos:96.4,Tstd:41.5,Bpos:98.1,Bstd:58.0,StrandBias:0.3,Multiplicity:1.01
0.001	0.003	0.995	0.001
0.001	0.997	0.001	0.001
0.005	0.989	0.001	0.005
0.617	0.001	0.012	0.370
0.373	0.001	0.001	0.625
0.997	0.001	0.001	0.001
0.001	0.997	0.001	0.001
0.997	0.001	0.001	0.001
0.997	0.001	0.001	0.001
0.001	0.997	0.001	0.001
0.001	0.001	0.001	0.997
0.623	0.001	0.008	0.368
>CTGCTAYAGRAA	24-CTGCTAYAGRAA	11.220521	-291.267248	0	T:99.0(0.24%),B:2.1(0.00%),P:1e-126	Tpos:102.4,Tstd:26.1,Bpos:153.0,Bstd:0.0,StrandBias:0.4,Multiplicity:1.00
0.005	0.543	0.155	0.297
0.150	0.089	0.087	0.674
0.134	0.013	0.609	0.244
0.124	0.692	0.174	0.010
0.057	0.027	0.065	0.851
0.625	0.039	0.024	0.312
0.088	0.413	0.101	0.398
0.679	0.007	0.006	0.308
0.333	0.005	0.657	0.005
0.362	0.207	0.415	0.017
0.762	0.110	0.004	0.124
0.966	0.010	0.004	0.020
>CCCCCCCCCCCC	25-CCCCCCCCCCCC	6.679120	-184.386920	0	T:4897.0(11.72%),B:3689.9(8.95%),P:1e-80	Tpos:102.5,Tstd:56.4,Bpos:99.3,Bstd:51.1,StrandBias:-0.0,Multiplicity:1.26
0.083	0.654	0.139	0.124
0.093	0.660	0.119	0.128
0.090	0.663	0.120	0.127
0.097	0.659	0.121	0.123
0.091	0.676	0.117	0.116
0.089	0.691	0.105	0.115
0.092	0.689	0.102	0.117
0.092	0.671	0.111	0.126
0.096	0.657	0.115	0.132
0.100	0.654	0.118	0.128
0.097	0.666	0.119	0.118
0.097	0.661	0.121	0.121
