>TGACCTGG	1-TGACCTGG	6.763112	-218.208561	0	T:215.0(60.56%),B:6412.6(13.33%),P:1e-94	Tpos:101.6,Tstd:51.1,Bpos:99.8,Bstd:71.0,StrandBias:-0.5,Multiplicity:1.25
0.021	0.027	0.001	0.951
0.015	0.012	0.915	0.058
0.954	0.032	0.010	0.004
0.032	0.940	0.001	0.027
0.042	0.902	0.001	0.055
0.031	0.282	0.069	0.618
0.179	0.007	0.625	0.189
0.201	0.152	0.435	0.211
>YAKGTCAY	2-YAKGTCAY	5.162717	-129.607157	0	T:271.0(76.34%),B:16808.0(34.95%),P:1e-56	Tpos:100.3,Tstd:53.6,Bpos:99.9,Bstd:68.8,StrandBias:-0.4,Multiplicity:1.43
0.233	0.260	0.113	0.394
0.514	0.001	0.272	0.213
0.231	0.059	0.426	0.285
0.001	0.043	0.868	0.088
0.001	0.038	0.087	0.874
0.001	0.840	0.056	0.103
0.694	0.001	0.126	0.179
0.188	0.426	0.001	0.386
>AACAGGTT	3-AACAGGTT	5.614876	-91.407793	0	T:141.0(39.72%),B:5736.7(11.93%),P:1e-39	Tpos:105.2,Tstd:46.6,Bpos:100.5,Bstd:67.7,StrandBias:0.2,Multiplicity:1.18
0.976	0.001	0.022	0.001
0.777	0.041	0.173	0.009
0.018	0.980	0.001	0.001
0.827	0.026	0.001	0.146
0.121	0.050	0.816	0.013
0.024	0.001	0.944	0.031
0.035	0.040	0.001	0.924
0.001	0.043	0.001	0.955
>GTCAGGSY	4-GTCAGGSY	5.854179	-63.320377	0	T:162.0(45.63%),B:9500.4(19.75%),P:1e-27	Tpos:98.0,Tstd:51.0,Bpos:100.5,Bstd:71.7,StrandBias:0.1,Multiplicity:1.30
0.144	0.001	0.854	0.001
0.001	0.060	0.049	0.890
0.061	0.816	0.001	0.122
0.760	0.070	0.135	0.035
0.052	0.041	0.795	0.112
0.146	0.119	0.619	0.116
0.073	0.448	0.306	0.173
0.121	0.311	0.169	0.400
>ACAGGTTA	5-ACAGGTTA	5.074930	-61.363969	0	T:194.0(54.65%),B:13139.8(27.32%),P:1e-26	Tpos:91.0,Tstd:49.2,Bpos:99.7,Bstd:67.6,StrandBias:-0.2,Multiplicity:1.12
0.598	0.004	0.318	0.080
0.164	0.829	0.006	0.001
0.601	0.145	0.092	0.162
0.082	0.037	0.857	0.024
0.001	0.038	0.913	0.048
0.077	0.001	0.001	0.921
0.194	0.028	0.039	0.739
0.508	0.184	0.278	0.030
>BGCATTCH	6-BGCATTCH	7.213408	-43.628546	0	T:38.0(10.70%),B:778.9(1.62%),P:1e-18	Tpos:101.1,Tstd:40.0,Bpos:101.0,Bstd:65.9,StrandBias:-0.2,Multiplicity:1.00
0.089	0.248	0.361	0.302
0.001	0.001	0.925	0.073
0.001	0.946	0.052	0.001
0.843	0.001	0.155	0.001
0.296	0.102	0.091	0.511
0.213	0.001	0.001	0.785
0.096	0.694	0.209	0.001
0.246	0.334	0.169	0.251
>GTAAACAA	7-GTAAACAA	6.328054	-36.405152	0	T:93.0(26.20%),B:5110.2(10.62%),P:1e-15	Tpos:104.7,Tstd:57.1,Bpos:100.3,Bstd:66.6,StrandBias:-0.3,Multiplicity:1.13
0.080	0.015	0.904	0.001
0.052	0.195	0.050	0.703
0.967	0.025	0.001	0.007
0.988	0.010	0.001	0.001
0.829	0.001	0.128	0.042
0.033	0.875	0.091	0.001
0.976	0.022	0.001	0.001
0.769	0.102	0.056	0.073
>TGCCCTRS	8-TGCCCTRS	6.118366	-27.511928	0	T:83.0(23.38%),B:4972.0(10.34%),P:1e-11	Tpos:104.5,Tstd:54.5,Bpos:99.8,Bstd:67.6,StrandBias:0.1,Multiplicity:1.14
0.195	0.049	0.212	0.544
0.204	0.003	0.745	0.048
0.028	0.705	0.214	0.053
0.015	0.833	0.099	0.053
0.084	0.838	0.021	0.057
0.158	0.235	0.083	0.524
0.461	0.084	0.330	0.125
0.187	0.448	0.362	0.002
>CTTGAATA	9-CTTGAATA	8.236954	-25.747123	0	T:16.0(4.51%),B:205.1(0.43%),P:1e-11	Tpos:87.5,Tstd:30.9,Bpos:93.8,Bstd:57.9,StrandBias:0.7,Multiplicity:1.00
0.100	0.700	0.100	0.100
0.100	0.100	0.100	0.700
0.100	0.100	0.100	0.700
0.100	0.100	0.700	0.100
0.700	0.100	0.100	0.100
0.700	0.100	0.100	0.100
0.100	0.100	0.100	0.700
0.700	0.100	0.100	0.100
>ACATTCCT	10-ACATTCCT	7.145959	-24.611230	0	T:73.0(20.56%),B:4316.9(8.98%),P:1e-10	Tpos:85.7,Tstd:57.6,Bpos:99.8,Bstd:65.2,StrandBias:-0.5,Multiplicity:1.07
0.854	0.051	0.020	0.075
0.089	0.909	0.001	0.001
0.858	0.001	0.001	0.140
0.001	0.001	0.071	0.927
0.001	0.001	0.001	0.997
0.001	0.970	0.001	0.028
0.001	0.902	0.001	0.096
0.231	0.104	0.063	0.602
>ATGAGATA	11-ATGAGATA	7.848587	-21.761646	0	T:35.0(9.86%),B:1374.3(2.86%),P:1e-9	Tpos:100.4,Tstd:54.2,Bpos:103.2,Bstd:62.5,StrandBias:-0.4,Multiplicity:1.00
0.997	0.001	0.001	0.001
0.001	0.095	0.001	0.903
0.054	0.159	0.786	0.001
0.997	0.001	0.001	0.001
0.078	0.001	0.920	0.001
0.997	0.001	0.001	0.001
0.001	0.116	0.001	0.882
0.997	0.001	0.001	0.001
>CACAAGAT	12-CACAAGAT	10.578090	-21.104865	0	T:16.0(4.51%),B:283.2(0.59%),P:1e-9	Tpos:111.3,Tstd:60.5,Bpos:101.3,Bstd:68.5,StrandBias:0.2,Multiplicity:1.06
0.001	0.997	0.001	0.001
0.948	0.001	0.050	0.001
0.001	0.997	0.001	0.001
0.978	0.001	0.020	0.001
0.656	0.001	0.342	0.001
0.001	0.001	0.997	0.001
0.997	0.001	0.001	0.001
0.001	0.001	0.001	0.997
>GGTAAAAT	13-GGTAAAAT	8.650203	-19.087215	0	T:20.0(5.63%),B:531.6(1.11%),P:1e-8	Tpos:94.7,Tstd:36.4,Bpos:103.4,Bstd:61.8,StrandBias:0.1,Multiplicity:1.05
0.001	0.001	0.997	0.001
0.001	0.001	0.997	0.001
0.001	0.001	0.001	0.997
0.997	0.001	0.001	0.001
0.997	0.001	0.001	0.001
0.816	0.094	0.001	0.089
0.997	0.001	0.001	0.001
0.001	0.001	0.001	0.997
>AGGCATTC	14-AGGCATTC	9.774653	-18.882024	0	T:17.0(4.79%),B:380.1(0.79%),P:1e-8	Tpos:109.8,Tstd:36.6,Bpos:96.8,Bstd:61.0,StrandBias:-0.7,Multiplicity:1.00
0.679	0.001	0.319	0.001
0.001	0.420	0.578	0.001
0.001	0.001	0.997	0.001
0.001	0.997	0.001	0.001
0.997	0.001	0.001	0.001
0.001	0.001	0.001	0.997
0.001	0.001	0.001	0.997
0.001	0.955	0.001	0.043
>AGAGCAAC	15-AGAGCAAC	7.947745	-18.383277	0	T:32.0(9.01%),B:1345.3(2.80%),P:1e-7	Tpos:106.8,Tstd:50.2,Bpos:99.7,Bstd:67.6,StrandBias:0.5,Multiplicity:1.03
0.997	0.001	0.001	0.001
0.001	0.113	0.885	0.001
0.935	0.063	0.001	0.001
0.001	0.001	0.997	0.001
0.001	0.997	0.001	0.001
0.786	0.212	0.001	0.001
0.997	0.001	0.001	0.001
0.001	0.997	0.001	0.001
>ATCAGCAA	16-ATCAGCAA	8.879376	-17.383760	0	T:28.0(7.89%),B:1113.0(2.31%),P:1e-7	Tpos:87.9,Tstd:71.2,Bpos:98.7,Bstd:68.9,StrandBias:0.0,Multiplicity:1.04
0.997	0.001	0.001	0.001
0.159	0.001	0.001	0.839
0.001	0.865	0.001	0.133
0.997	0.001	0.001	0.001
0.001	0.001	0.997	0.001
0.001	0.997	0.001	0.001
0.997	0.001	0.001	0.001
0.997	0.001	0.001	0.001
>GGTCGTTA	17-GGTCGTTA	7.357183	-14.288892	0	T:18.0(5.07%),B:589.7(1.23%),P:1e-6	Tpos:107.5,Tstd:68.6,Bpos:98.0,Bstd:65.8,StrandBias:-0.5,Multiplicity:1.00
0.082	0.001	0.916	0.001
0.001	0.001	0.997	0.001
0.062	0.001	0.068	0.869
0.030	0.968	0.001	0.001
0.069	0.001	0.595	0.335
0.001	0.001	0.001	0.997
0.097	0.032	0.037	0.834
0.882	0.065	0.052	0.001
