>GTCASHSTGA	1-GTCASHSTGA	7.694307	-178.377124	0	T:134.0(37.75%),B:2447.5(5.09%),P:1e-77	Tpos:94.7,Tstd:53.0,Bpos:99.3,Bstd:67.7,StrandBias:-0.3,Multiplicity:1.07
0.001	0.001	0.997	0.001
0.001	0.083	0.046	0.870
0.001	0.896	0.102	0.001
0.997	0.001	0.001	0.001
0.101	0.358	0.439	0.103
0.213	0.274	0.173	0.340
0.240	0.392	0.297	0.071
0.001	0.001	0.001	0.997
0.001	0.001	0.997	0.001
0.799	0.159	0.001	0.041
>GCTAGGTCAC	2-GCTAGGTCAC	6.690382	-174.898235	0	T:177.0(49.86%),B:5074.2(10.55%),P:1e-75	Tpos:100.6,Tstd:49.1,Bpos:100.4,Bstd:69.5,StrandBias:0.0,Multiplicity:1.16
0.108	0.140	0.494	0.258
0.001	0.879	0.028	0.092
0.076	0.339	0.062	0.523
0.582	0.001	0.403	0.014
0.060	0.001	0.938	0.001
0.001	0.001	0.997	0.001
0.014	0.001	0.042	0.943
0.001	0.949	0.016	0.034
0.997	0.001	0.001	0.001
0.001	0.702	0.244	0.053
>RAAACAGGTY	3-RAAACAGGTY	6.629050	-78.277458	0	T:123.0(34.65%),B:4971.3(10.34%),P:1e-33	Tpos:100.8,Tstd:48.0,Bpos:100.8,Bstd:65.6,StrandBias:0.6,Multiplicity:1.20
0.351	0.219	0.430	0.001
0.583	0.075	0.313	0.029
0.887	0.069	0.001	0.043
0.760	0.001	0.175	0.064
0.001	0.997	0.001	0.001
0.525	0.304	0.001	0.170
0.184	0.001	0.591	0.224
0.001	0.022	0.964	0.013
0.034	0.196	0.001	0.769
0.010	0.385	0.089	0.516
>CTGCATTCCT	4-CTGCATTCCT	9.861642	-62.477255	0	T:34.0(9.58%),B:326.8(0.68%),P:1e-27	Tpos:80.0,Tstd:39.0,Bpos:97.2,Bstd:66.0,StrandBias:-1.6,Multiplicity:1.07
0.051	0.887	0.061	0.001
0.034	0.001	0.001	0.964
0.001	0.040	0.931	0.028
0.001	0.899	0.047	0.053
0.997	0.001	0.001	0.001
0.001	0.034	0.001	0.964
0.072	0.034	0.001	0.893
0.079	0.888	0.001	0.032
0.001	0.886	0.001	0.112
0.033	0.103	0.140	0.724
>GGCTGCATTC	5-GGCTGCATTC	10.971198	-58.731484	0	T:19.0(5.35%),B:51.3(0.11%),P:1e-25	Tpos:110.5,Tstd:23.5,Bpos:91.3,Bstd:84.1,StrandBias:0.5,Multiplicity:1.00
0.001	0.001	0.997	0.001
0.001	0.001	0.997	0.001
0.001	0.997	0.001	0.001
0.001	0.001	0.001	0.997
0.057	0.001	0.941	0.001
0.001	0.997	0.001	0.001
0.997	0.001	0.001	0.001
0.001	0.001	0.001	0.997
0.001	0.001	0.001	0.997
0.001	0.997	0.001	0.001
>TGGGTAAAAT	6-TGGGTAAAAT	10.296193	-43.921478	0	T:13.0(3.66%),B:27.0(0.06%),P:1e-19	Tpos:104.9,Tstd:23.9,Bpos:80.9,Bstd:64.4,StrandBias:0.2,Multiplicity:1.00
0.100	0.100	0.100	0.700
0.100	0.100	0.700	0.100
0.100	0.100	0.700	0.100
0.100	0.100	0.700	0.100
0.100	0.100	0.100	0.700
0.700	0.100	0.100	0.100
0.700	0.100	0.100	0.100
0.700	0.100	0.100	0.100
0.700	0.100	0.100	0.100
0.100	0.100	0.100	0.700
>GATAAAACAG	7-GATAAAACAG	8.300695	-40.976795	0	T:25.0(7.04%),B:300.1(0.62%),P:1e-17	Tpos:118.0,Tstd:56.5,Bpos:103.8,Bstd:64.3,StrandBias:1.1,Multiplicity:1.05
0.001	0.001	0.997	0.001
0.866	0.001	0.001	0.132
0.001	0.001	0.001	0.997
0.722	0.030	0.247	0.001
0.997	0.001	0.001	0.001
0.875	0.001	0.123	0.001
0.997	0.001	0.001	0.001
0.001	0.826	0.001	0.172
0.997	0.001	0.001	0.001
0.001	0.001	0.997	0.001
>ATCTTGAGTA	8-ATCTTGAGTA	11.136906	-40.618986	0	T:12.0(3.38%),B:25.2(0.05%),P:1e-17	Tpos:105.8,Tstd:34.8,Bpos:95.2,Bstd:54.2,StrandBias:0.5,Multiplicity:1.00
0.759	0.001	0.239	0.001
0.245	0.001	0.001	0.753
0.001	0.997	0.001	0.001
0.284	0.001	0.001	0.714
0.001	0.001	0.001	0.997
0.001	0.001	0.997	0.001
0.604	0.394	0.001	0.001
0.320	0.001	0.678	0.001
0.001	0.001	0.001	0.997
0.997	0.001	0.001	0.001
>TGGGCTGACC	9-TGGGCTGACC	8.457342	-40.175429	0	T:43.0(12.11%),B:1131.6(2.35%),P:1e-17	Tpos:109.6,Tstd:57.9,Bpos:101.8,Bstd:72.8,StrandBias:0.4,Multiplicity:1.07
0.127	0.185	0.001	0.687
0.212	0.001	0.786	0.001
0.001	0.001	0.742	0.256
0.128	0.106	0.474	0.292
0.001	0.758	0.240	0.001
0.085	0.218	0.001	0.696
0.001	0.001	0.997	0.001
0.995	0.003	0.001	0.001
0.001	0.997	0.001	0.001
0.089	0.909	0.001	0.001
>AGACCTGCTG	10-AGACCTGCTG	10.364349	-40.033254	0	T:20.0(5.63%),B:165.2(0.34%),P:1e-17	Tpos:104.6,Tstd:24.8,Bpos:92.3,Bstd:69.6,StrandBias:-0.2,Multiplicity:1.00
0.997	0.001	0.001	0.001
0.001	0.001	0.997	0.001
0.997	0.001	0.001	0.001
0.001	0.997	0.001	0.001
0.001	0.997	0.001	0.001
0.001	0.053	0.001	0.945
0.001	0.001	0.960	0.038
0.001	0.997	0.001	0.001
0.001	0.001	0.001	0.997
0.059	0.001	0.860	0.080
>AGTCGCTCTG	11-AGTCGCTCTG	9.934481	-38.705560	0	T:18.0(5.07%),B:128.3(0.27%),P:1e-16	Tpos:117.7,Tstd:43.1,Bpos:98.3,Bstd:65.6,StrandBias:-0.5,Multiplicity:1.00
0.956	0.001	0.006	0.037
0.133	0.167	0.699	0.001
0.069	0.001	0.078	0.852
0.001	0.799	0.028	0.172
0.062	0.038	0.865	0.035
0.001	0.918	0.001	0.080
0.068	0.001	0.001	0.930
0.001	0.924	0.074	0.001
0.103	0.001	0.001	0.895
0.010	0.001	0.988	0.001
>ACCAGGTTTG	12-ACCAGGTTTG	7.790599	-37.379826	0	T:45.0(12.68%),B:1343.3(2.79%),P:1e-16	Tpos:102.9,Tstd:49.6,Bpos:98.5,Bstd:69.8,StrandBias:0.0,Multiplicity:1.03
0.822	0.020	0.028	0.130
0.001	0.711	0.139	0.149
0.166	0.521	0.146	0.167
0.895	0.001	0.001	0.103
0.002	0.044	0.953	0.001
0.078	0.001	0.795	0.126
0.053	0.047	0.043	0.857
0.041	0.001	0.077	0.881
0.153	0.001	0.001	0.845
0.127	0.042	0.778	0.053
>GCAGGGCAGG	13-GCAGGGCAGG	7.067961	-34.907226	0	T:105.0(29.58%),B:6364.6(13.23%),P:1e-15	Tpos:107.4,Tstd:57.0,Bpos:99.8,Bstd:68.1,StrandBias:-0.1,Multiplicity:1.23
0.040	0.078	0.759	0.123
0.075	0.762	0.053	0.110
0.758	0.104	0.052	0.086
0.067	0.059	0.828	0.046
0.044	0.017	0.872	0.067
0.064	0.073	0.788	0.075
0.054	0.839	0.064	0.043
0.859	0.010	0.055	0.076
0.046	0.096	0.817	0.041
0.107	0.093	0.723	0.077
>TCAGAGGCGT	14-TCAGAGGCGT	10.384098	-31.855449	0	T:16.0(4.51%),B:136.6(0.28%),P:1e-13	Tpos:85.0,Tstd:62.8,Bpos:104.8,Bstd:69.7,StrandBias:0.7,Multiplicity:1.00
0.001	0.001	0.083	0.915
0.001	0.997	0.001	0.001
0.997	0.001	0.001	0.001
0.111	0.001	0.887	0.001
0.997	0.001	0.001	0.001
0.001	0.001	0.997	0.001
0.076	0.001	0.922	0.001
0.001	0.894	0.001	0.104
0.261	0.031	0.707	0.001
0.068	0.066	0.001	0.865
>GCAGGTTATT	15-GCAGGTTATT	7.868705	-31.383873	0	T:40.0(11.27%),B:1267.0(2.63%),P:1e-13	Tpos:99.2,Tstd:53.0,Bpos:100.0,Bstd:66.2,StrandBias:-0.2,Multiplicity:1.03
0.289	0.001	0.709	0.001
0.001	0.897	0.101	0.001
0.810	0.001	0.188	0.001
0.139	0.001	0.859	0.001
0.001	0.066	0.743	0.190
0.001	0.203	0.043	0.753
0.052	0.001	0.046	0.901
0.582	0.001	0.001	0.416
0.001	0.084	0.001	0.914
0.001	0.063	0.354	0.582
>ATTCTTAGTC	16-ATTCTTAGTC	10.296193	-28.931851	0	T:8.0(2.25%),B:14.0(0.03%),P:1e-12	Tpos:113.0,Tstd:29.5,Bpos:110.3,Bstd:55.8,StrandBias:1.3,Multiplicity:1.00
0.700	0.100	0.100	0.100
0.100	0.100	0.100	0.700
0.100	0.100	0.100	0.700
0.100	0.700	0.100	0.100
0.100	0.100	0.100	0.700
0.100	0.100	0.100	0.700
0.700	0.100	0.100	0.100
0.100	0.100	0.700	0.100
0.100	0.100	0.100	0.700
0.100	0.700	0.100	0.100
>ACGACCTTRC	17-ACGACCTTRC	10.203833	-28.532773	0	T:11.0(3.10%),B:52.1(0.11%),P:1e-12	Tpos:106.5,Tstd:65.8,Bpos:89.0,Bstd:75.7,StrandBias:0.3,Multiplicity:1.00
0.997	0.001	0.001	0.001
0.088	0.910	0.001	0.001
0.001	0.001	0.997	0.001
0.997	0.001	0.001	0.001
0.001	0.997	0.001	0.001
0.001	0.997	0.001	0.001
0.001	0.001	0.001	0.997
0.001	0.001	0.374	0.624
0.519	0.001	0.479	0.001
0.001	0.997	0.001	0.001
>ATGTTTGCTT	18-ATGTTTGCTT	10.000818	-27.956873	0	T:19.0(5.35%),B:280.0(0.58%),P:1e-12	Tpos:111.5,Tstd:51.0,Bpos:101.2,Bstd:66.0,StrandBias:0.8,Multiplicity:1.06
0.822	0.122	0.055	0.001
0.063	0.001	0.001	0.935
0.062	0.001	0.936	0.001
0.001	0.001	0.071	0.927
0.001	0.001	0.001	0.997
0.001	0.001	0.001	0.997
0.268	0.001	0.730	0.001
0.001	0.916	0.082	0.001
0.068	0.001	0.001	0.930
0.086	0.001	0.051	0.862
>GGTCTCAGCC	19-GGTCTCAGCC	11.117681	-27.019549	0	T:16.0(4.51%),B:188.2(0.39%),P:1e-11	Tpos:101.3,Tstd:42.3,Bpos:97.6,Bstd:70.0,StrandBias:0.3,Multiplicity:1.00
0.001	0.001	0.997	0.001
0.001	0.001	0.997	0.001
0.001	0.001	0.001	0.997
0.001	0.905	0.001	0.093
0.103	0.001	0.001	0.895
0.001	0.899	0.099	0.001
0.874	0.124	0.001	0.001
0.001	0.001	0.997	0.001
0.001	0.997	0.001	0.001
0.001	0.997	0.001	0.001
>ACTGAGTCAT	20-ACTGAGTCAT	10.174724	-26.683065	0	T:20.0(5.63%),B:341.6(0.71%),P:1e-11	Tpos:89.9,Tstd:53.9,Bpos:98.8,Bstd:68.0,StrandBias:0.2,Multiplicity:1.00
0.852	0.001	0.146	0.001
0.083	0.857	0.059	0.001
0.001	0.001	0.001	0.997
0.001	0.001	0.911	0.087
0.915	0.001	0.001	0.083
0.068	0.001	0.930	0.001
0.069	0.061	0.001	0.869
0.096	0.902	0.001	0.001
0.890	0.108	0.001	0.001
0.075	0.001	0.001	0.923
>AGGGCTACCT	21-AGGGCTACCT	10.157881	-22.243357	0	T:14.0(3.94%),B:186.4(0.39%),P:1e-9	Tpos:100.1,Tstd:34.1,Bpos:100.2,Bstd:68.3,StrandBias:0.2,Multiplicity:1.07
0.721	0.111	0.085	0.083
0.001	0.001	0.997	0.001
0.001	0.001	0.997	0.001
0.105	0.001	0.831	0.063
0.001	0.997	0.001	0.001
0.073	0.159	0.118	0.650
0.957	0.041	0.001	0.001
0.001	0.931	0.067	0.001
0.001	0.997	0.001	0.001
0.001	0.001	0.001	0.997
>TTTATCTTAG	22-TTTATCTTAG	9.810469	-20.737040	0	T:13.0(3.66%),B:173.8(0.36%),P:1e-9	Tpos:79.5,Tstd:58.2,Bpos:94.0,Bstd:64.7,StrandBias:1.0,Multiplicity:1.15
0.089	0.001	0.132	0.778
0.001	0.001	0.068	0.930
0.076	0.001	0.001	0.922
0.860	0.111	0.001	0.028
0.001	0.102	0.001	0.896
0.001	0.997	0.001	0.001
0.113	0.001	0.001	0.885
0.001	0.048	0.001	0.950
0.894	0.001	0.062	0.043
0.060	0.001	0.938	0.001
>VGTGTACGGT	23-VGTGTACGGT	9.863796	-14.664890	0	T:7.0(1.97%),B:60.6(0.13%),P:1e-6	Tpos:91.1,Tstd:61.7,Bpos:88.2,Bstd:64.5,StrandBias:-0.4,Multiplicity:1.00
0.341	0.370	0.288	0.001
0.001	0.001	0.732	0.266
0.001	0.001	0.001	0.997
0.001	0.001	0.997	0.001
0.001	0.001	0.001	0.997
0.997	0.001	0.001	0.001
0.075	0.636	0.001	0.288
0.001	0.001	0.997	0.001
0.001	0.001	0.997	0.001
0.001	0.001	0.001	0.997
>CGCTGAGCCT	24-CGCTGAGCCT	9.735258	-14.242869	0	T:14.0(3.94%),B:357.2(0.74%),P:1e-6	Tpos:102.8,Tstd:60.4,Bpos:99.4,Bstd:62.5,StrandBias:1.3,Multiplicity:1.00
0.001	0.997	0.001	0.001
0.001	0.001	0.864	0.134
0.001	0.997	0.001	0.001
0.323	0.001	0.001	0.675
0.001	0.001	0.997	0.001
0.997	0.001	0.001	0.001
0.001	0.001	0.997	0.001
0.001	0.763	0.235	0.001
0.139	0.859	0.001	0.001
0.001	0.001	0.139	0.859
>ACCGCACAGC	25-ACCGCACAGC	10.296193	-13.302835	0	T:4.0(1.13%),B:11.4(0.02%),P:1e-5	Tpos:121.8,Tstd:27.3,Bpos:95.5,Bstd:41.6,StrandBias:0.0,Multiplicity:1.00
0.700	0.100	0.100	0.100
0.100	0.700	0.100	0.100
0.100	0.700	0.100	0.100
0.100	0.100	0.700	0.100
0.100	0.700	0.100	0.100
0.700	0.100	0.100	0.100
0.100	0.700	0.100	0.100
0.700	0.100	0.100	0.100
0.100	0.100	0.700	0.100
0.100	0.700	0.100	0.100
