>GTCASHSTGA	1-GTCASHSTGA	7.694307	-178.377124	0	T:134.0(37.75%),B:2447.5(5.09%),P:1e-77	Tpos:94.7,Tstd:53.0,Bpos:99.3,Bstd:67.7,StrandBias:-0.3,Multiplicity:1.07
0.001	0.001	0.997	0.001
0.001	0.083	0.046	0.870
0.001	0.896	0.102	0.001
0.997	0.001	0.001	0.001
0.101	0.358	0.439	0.103
0.213	0.274	0.173	0.340
0.240	0.392	0.297	0.071
0.001	0.001	0.001	0.997
0.001	0.001	0.997	0.001
0.799	0.159	0.001	0.041
>GCTAGGTCAC	2-GCTAGGTCAC	6.690382	-174.898235	0	T:177.0(49.86%),B:5074.2(10.55%),P:1e-75	Tpos:100.6,Tstd:49.1,Bpos:100.4,Bstd:69.5,StrandBias:0.0,Multiplicity:1.16
0.108	0.140	0.494	0.258
0.001	0.879	0.028	0.092
0.076	0.339	0.062	0.523
0.582	0.001	0.403	0.014
0.060	0.001	0.938	0.001
0.001	0.001	0.997	0.001
0.014	0.001	0.042	0.943
0.001	0.949	0.016	0.034
0.997	0.001	0.001	0.001
0.001	0.702	0.244	0.053
>RAAACAGGTY	3-RAAACAGGTY	6.629050	-78.277458	0	T:123.0(34.65%),B:4971.3(10.34%),P:1e-33	Tpos:100.8,Tstd:48.0,Bpos:100.8,Bstd:65.6,StrandBias:0.6,Multiplicity:1.20
0.351	0.219	0.430	0.001
0.583	0.075	0.313	0.029
0.887	0.069	0.001	0.043
0.760	0.001	0.175	0.064
0.001	0.997	0.001	0.001
0.525	0.304	0.001	0.170
0.184	0.001	0.591	0.224
0.001	0.022	0.964	0.013
0.034	0.196	0.001	0.769
0.010	0.385	0.089	0.516
>CTGCATTCCT	4-CTGCATTCCT	9.861642	-62.477255	0	T:34.0(9.58%),B:326.8(0.68%),P:1e-27	Tpos:80.0,Tstd:39.0,Bpos:97.2,Bstd:66.0,StrandBias:-1.6,Multiplicity:1.07
0.051	0.887	0.061	0.001
0.034	0.001	0.001	0.964
0.001	0.040	0.931	0.028
0.001	0.899	0.047	0.053
0.997	0.001	0.001	0.001
0.001	0.034	0.001	0.964
0.072	0.034	0.001	0.893
0.079	0.888	0.001	0.032
0.001	0.886	0.001	0.112
0.033	0.103	0.140	0.724
>GGCTGCATTC	5-GGCTGCATTC	10.971198	-58.731484	0	T:19.0(5.35%),B:51.3(0.11%),P:1e-25	Tpos:110.5,Tstd:23.5,Bpos:91.3,Bstd:84.1,StrandBias:0.5,Multiplicity:1.00
0.001	0.001	0.997	0.001
0.001	0.001	0.997	0.001
0.001	0.997	0.001	0.001
0.001	0.001	0.001	0.997
0.057	0.001	0.941	0.001
0.001	0.997	0.001	0.001
0.997	0.001	0.001	0.001
0.001	0.001	0.001	0.997
0.001	0.001	0.001	0.997
0.001	0.997	0.001	0.001
>TGGGTAAAAT	6-TGGGTAAAAT	10.296193	-43.921478	0	T:13.0(3.66%),B:27.0(0.06%),P:1e-19	Tpos:104.9,Tstd:23.9,Bpos:80.9,Bstd:64.4,StrandBias:0.2,Multiplicity:1.00
0.100	0.100	0.100	0.700
0.100	0.100	0.700	0.100
0.100	0.100	0.700	0.100
0.100	0.100	0.700	0.100
0.100	0.100	0.100	0.700
0.700	0.100	0.100	0.100
0.700	0.100	0.100	0.100
0.700	0.100	0.100	0.100
0.700	0.100	0.100	0.100
0.100	0.100	0.100	0.700
>GATAAAACAG	7-GATAAAACAG	8.300695	-40.976795	0	T:25.0(7.04%),B:300.1(0.62%),P:1e-17	Tpos:118.0,Tstd:56.5,Bpos:103.8,Bstd:64.3,StrandBias:1.1,Multiplicity:1.05
0.001	0.001	0.997	0.001
0.866	0.001	0.001	0.132
0.001	0.001	0.001	0.997
0.722	0.030	0.247	0.001
0.997	0.001	0.001	0.001
0.875	0.001	0.123	0.001
0.997	0.001	0.001	0.001
0.001	0.826	0.001	0.172
0.997	0.001	0.001	0.001
0.001	0.001	0.997	0.001
>ATCTTGAGTA	8-ATCTTGAGTA	11.136906	-40.618986	0	T:12.0(3.38%),B:25.2(0.05%),P:1e-17	Tpos:105.8,Tstd:34.8,Bpos:95.2,Bstd:54.2,StrandBias:0.5,Multiplicity:1.00
0.759	0.001	0.239	0.001
0.245	0.001	0.001	0.753
0.001	0.997	0.001	0.001
0.284	0.001	0.001	0.714
0.001	0.001	0.001	0.997
0.001	0.001	0.997	0.001
0.604	0.394	0.001	0.001
0.320	0.001	0.678	0.001
0.001	0.001	0.001	0.997
0.997	0.001	0.001	0.001
>TGGGCTGACC	9-TGGGCTGACC	8.457342	-40.175429	0	T:43.0(12.11%),B:1131.6(2.35%),P:1e-17	Tpos:109.6,Tstd:57.9,Bpos:101.8,Bstd:72.8,StrandBias:0.4,Multiplicity:1.07
0.127	0.185	0.001	0.687
0.212	0.001	0.786	0.001
0.001	0.001	0.742	0.256
0.128	0.106	0.474	0.292
0.001	0.758	0.240	0.001
0.085	0.218	0.001	0.696
0.001	0.001	0.997	0.001
0.995	0.003	0.001	0.001
0.001	0.997	0.001	0.001
0.089	0.909	0.001	0.001
>AGACCTGCTG	10-AGACCTGCTG	10.364349	-40.033254	0	T:20.0(5.63%),B:165.2(0.34%),P:1e-17	Tpos:104.6,Tstd:24.8,Bpos:92.3,Bstd:69.6,StrandBias:-0.2,Multiplicity:1.00
0.997	0.001	0.001	0.001
0.001	0.001	0.997	0.001
0.997	0.001	0.001	0.001
0.001	0.997	0.001	0.001
0.001	0.997	0.001	0.001
0.001	0.053	0.001	0.945
0.001	0.001	0.960	0.038
0.001	0.997	0.001	0.001
0.001	0.001	0.001	0.997
0.059	0.001	0.860	0.080
>AGTCGCTCTG	11-AGTCGCTCTG	9.934481	-38.705560	0	T:18.0(5.07%),B:128.3(0.27%),P:1e-16	Tpos:117.7,Tstd:43.1,Bpos:98.3,Bstd:65.6,StrandBias:-0.5,Multiplicity:1.00
0.956	0.001	0.006	0.037
0.133	0.167	0.699	0.001
0.069	0.001	0.078	0.852
0.001	0.799	0.028	0.172
0.062	0.038	0.865	0.035
0.001	0.918	0.001	0.080
0.068	0.001	0.001	0.930
0.001	0.924	0.074	0.001
0.103	0.001	0.001	0.895
0.010	0.001	0.988	0.001
>ACCAGGTTTG	12-ACCAGGTTTG	7.790599	-37.379826	0	T:45.0(12.68%),B:1343.3(2.79%),P:1e-16	Tpos:102.9,Tstd:49.6,Bpos:98.5,Bstd:69.8,StrandBias:0.0,Multiplicity:1.03
0.822	0.020	0.028	0.130
0.001	0.711	0.139	0.149
0.166	0.521	0.146	0.167
0.895	0.001	0.001	0.103
0.002	0.044	0.953	0.001
0.078	0.001	0.795	0.126
0.053	0.047	0.043	0.857
0.041	0.001	0.077	0.881
0.153	0.001	0.001	0.845
0.127	0.042	0.778	0.053
>GCAGGGCAGG	13-GCAGGGCAGG	7.067961	-34.907226	0	T:105.0(29.58%),B:6364.6(13.23%),P:1e-15	Tpos:107.4,Tstd:57.0,Bpos:99.8,Bstd:68.1,StrandBias:-0.1,Multiplicity:1.23
0.040	0.078	0.759	0.123
0.075	0.762	0.053	0.110
0.758	0.104	0.052	0.086
0.067	0.059	0.828	0.046
0.044	0.017	0.872	0.067
0.064	0.073	0.788	0.075
0.054	0.839	0.064	0.043
0.859	0.010	0.055	0.076
0.046	0.096	0.817	0.041
0.107	0.093	0.723	0.077
>TCAGAGGCGT	14-TCAGAGGCGT	10.384098	-31.855449	0	T:16.0(4.51%),B:136.6(0.28%),P:1e-13	Tpos:85.0,Tstd:62.8,Bpos:104.8,Bstd:69.7,StrandBias:0.7,Multiplicity:1.00
0.001	0.001	0.083	0.915
0.001	0.997	0.001	0.001
0.997	0.001	0.001	0.001
0.111	0.001	0.887	0.001
0.997	0.001	0.001	0.001
0.001	0.001	0.997	0.001
0.076	0.001	0.922	0.001
0.001	0.894	0.001	0.104
0.261	0.031	0.707	0.001
0.068	0.066	0.001	0.865
>GCAGGTTATT	15-GCAGGTTATT	7.868705	-31.383873	0	T:40.0(11.27%),B:1267.0(2.63%),P:1e-13	Tpos:99.2,Tstd:53.0,Bpos:100.0,Bstd:66.2,StrandBias:-0.2,Multiplicity:1.03
0.289	0.001	0.709	0.001
0.001	0.897	0.101	0.001
0.810	0.001	0.188	0.001
0.139	0.001	0.859	0.001
0.001	0.066	0.743	0.190
0.001	0.203	0.043	0.753
0.052	0.001	0.046	0.901
0.582	0.001	0.001	0.416
0.001	0.084	0.001	0.914
0.001	0.063	0.354	0.582
>ATTCTTAGTC	16-ATTCTTAGTC	10.296193	-28.931851	0	T:8.0(2.25%),B:14.0(0.03%),P:1e-12	Tpos:113.0,Tstd:29.5,Bpos:110.3,Bstd:55.8,StrandBias:1.3,Multiplicity:1.00
0.700	0.100	0.100	0.100
0.100	0.100	0.100	0.700
0.100	0.100	0.100	0.700
0.100	0.700	0.100	0.100
0.100	0.100	0.100	0.700
0.100	0.100	0.100	0.700
0.700	0.100	0.100	0.100
0.100	0.100	0.700	0.100
0.100	0.100	0.100	0.700
0.100	0.700	0.100	0.100
>ACGACCTTRC	17-ACGACCTTRC	10.203833	-28.532773	0	T:11.0(3.10%),B:52.1(0.11%),P:1e-12	Tpos:106.5,Tstd:65.8,Bpos:89.0,Bstd:75.7,StrandBias:0.3,Multiplicity:1.00
0.997	0.001	0.001	0.001
0.088	0.910	0.001	0.001
0.001	0.001	0.997	0.001
0.997	0.001	0.001	0.001
0.001	0.997	0.001	0.001
0.001	0.997	0.001	0.001
0.001	0.001	0.001	0.997
0.001	0.001	0.374	0.624
0.519	0.001	0.479	0.001
0.001	0.997	0.001	0.001
>ATGTTTGCTT	18-ATGTTTGCTT	10.000818	-27.956873	0	T:19.0(5.35%),B:280.0(0.58%),P:1e-12	Tpos:111.5,Tstd:51.0,Bpos:101.2,Bstd:66.0,StrandBias:0.8,Multiplicity:1.06
0.822	0.122	0.055	0.001
0.063	0.001	0.001	0.935
0.062	0.001	0.936	0.001
0.001	0.001	0.071	0.927
0.001	0.001	0.001	0.997
0.001	0.001	0.001	0.997
0.268	0.001	0.730	0.001
0.001	0.916	0.082	0.001
0.068	0.001	0.001	0.930
0.086	0.001	0.051	0.862
>GGTCTCAGCC	19-GGTCTCAGCC	11.117681	-27.019549	0	T:16.0(4.51%),B:188.2(0.39%),P:1e-11	Tpos:101.3,Tstd:42.3,Bpos:97.6,Bstd:70.0,StrandBias:0.3,Multiplicity:1.00
0.001	0.001	0.997	0.001
0.001	0.001	0.997	0.001
0.001	0.001	0.001	0.997
0.001	0.905	0.001	0.093
0.103	0.001	0.001	0.895
0.001	0.899	0.099	0.001
0.874	0.124	0.001	0.001
0.001	0.001	0.997	0.001
0.001	0.997	0.001	0.001
0.001	0.997	0.001	0.001
>ACTGAGTCAT	20-ACTGAGTCAT	10.174724	-26.683065	0	T:20.0(5.63%),B:341.6(0.71%),P:1e-11	Tpos:89.9,Tstd:53.9,Bpos:98.8,Bstd:68.0,StrandBias:0.2,Multiplicity:1.00
0.852	0.001	0.146	0.001
0.083	0.857	0.059	0.001
0.001	0.001	0.001	0.997
0.001	0.001	0.911	0.087
0.915	0.001	0.001	0.083
0.068	0.001	0.930	0.001
0.069	0.061	0.001	0.869
0.096	0.902	0.001	0.001
0.890	0.108	0.001	0.001
0.075	0.001	0.001	0.923
>AGGGCTACCT	21-AGGGCTACCT	10.157881	-22.243357	0	T:14.0(3.94%),B:186.4(0.39%),P:1e-9	Tpos:100.1,Tstd:34.1,Bpos:100.2,Bstd:68.3,StrandBias:0.2,Multiplicity:1.07
0.721	0.111	0.085	0.083
0.001	0.001	0.997	0.001
0.001	0.001	0.997	0.001
0.105	0.001	0.831	0.063
0.001	0.997	0.001	0.001
0.073	0.159	0.118	0.650
0.957	0.041	0.001	0.001
0.001	0.931	0.067	0.001
0.001	0.997	0.001	0.001
0.001	0.001	0.001	0.997
>TTTATCTTAG	22-TTTATCTTAG	9.810469	-20.737040	0	T:13.0(3.66%),B:173.8(0.36%),P:1e-9	Tpos:79.5,Tstd:58.2,Bpos:94.0,Bstd:64.7,StrandBias:1.0,Multiplicity:1.15
0.089	0.001	0.132	0.778
0.001	0.001	0.068	0.930
0.076	0.001	0.001	0.922
0.860	0.111	0.001	0.028
0.001	0.102	0.001	0.896
0.001	0.997	0.001	0.001
0.113	0.001	0.001	0.885
0.001	0.048	0.001	0.950
0.894	0.001	0.062	0.043
0.060	0.001	0.938	0.001
>VGTGTACGGT	23-VGTGTACGGT	9.863796	-14.664890	0	T:7.0(1.97%),B:60.6(0.13%),P:1e-6	Tpos:91.1,Tstd:61.7,Bpos:88.2,Bstd:64.5,StrandBias:-0.4,Multiplicity:1.00
0.341	0.370	0.288	0.001
0.001	0.001	0.732	0.266
0.001	0.001	0.001	0.997
0.001	0.001	0.997	0.001
0.001	0.001	0.001	0.997
0.997	0.001	0.001	0.001
0.075	0.636	0.001	0.288
0.001	0.001	0.997	0.001
0.001	0.001	0.997	0.001
0.001	0.001	0.001	0.997
>CGCTGAGCCT	24-CGCTGAGCCT	9.735258	-14.242869	0	T:14.0(3.94%),B:357.2(0.74%),P:1e-6	Tpos:102.8,Tstd:60.4,Bpos:99.4,Bstd:62.5,StrandBias:1.3,Multiplicity:1.00
0.001	0.997	0.001	0.001
0.001	0.001	0.864	0.134
0.001	0.997	0.001	0.001
0.323	0.001	0.001	0.675
0.001	0.001	0.997	0.001
0.997	0.001	0.001	0.001
0.001	0.001	0.997	0.001
0.001	0.763	0.235	0.001
0.139	0.859	0.001	0.001
0.001	0.001	0.139	0.859
>ACCGCACAGC	25-ACCGCACAGC	10.296193	-13.302835	0	T:4.0(1.13%),B:11.4(0.02%),P:1e-5	Tpos:121.8,Tstd:27.3,Bpos:95.5,Bstd:41.6,StrandBias:0.0,Multiplicity:1.00
0.700	0.100	0.100	0.100
0.100	0.700	0.100	0.100
0.100	0.700	0.100	0.100
0.100	0.100	0.700	0.100
0.100	0.700	0.100	0.100
0.700	0.100	0.100	0.100
0.100	0.700	0.100	0.100
0.700	0.100	0.100	0.100
0.100	0.100	0.700	0.100
0.100	0.700	0.100	0.100
>GTCAGBGTGACC	1-GTCAGBGTGACC	8.862428	-348.924335	0	T:128.0(36.06%),B:537.4(1.12%),P:1e-151	Tpos:96.3,Tstd:50.1,Bpos:97.4,Bstd:71.9,StrandBias:0.2,Multiplicity:1.03
0.033	0.046	0.872	0.049
0.077	0.052	0.116	0.755
0.006	0.922	0.034	0.038
0.844	0.011	0.060	0.085
0.068	0.247	0.478	0.207
0.186	0.357	0.245	0.212
0.140	0.284	0.507	0.069
0.025	0.050	0.019	0.906
0.032	0.075	0.877	0.016
0.795	0.095	0.049	0.061
0.024	0.885	0.053	0.038
0.115	0.804	0.012	0.069
>KCAHDGTGACCT	2-KCAHDGTGACCT	7.814669	-236.906978	0	T:153.0(43.10%),B:2277.9(4.74%),P:1e-102	Tpos:102.6,Tstd:51.2,Bpos:102.0,Bstd:69.7,StrandBias:0.0,Multiplicity:1.08
0.100	0.075	0.481	0.343
0.001	0.761	0.087	0.151
0.507	0.214	0.001	0.278
0.345	0.321	0.017	0.317
0.315	0.166	0.330	0.189
0.262	0.153	0.551	0.034
0.068	0.033	0.001	0.898
0.033	0.033	0.933	0.001
0.942	0.056	0.001	0.001
0.001	0.997	0.001	0.001
0.065	0.933	0.001	0.001
0.001	0.116	0.001	0.882
>AACTGGTTWTGY	3-AACTGGTTWTGY	6.860207	-94.520888	0	T:113.0(31.83%),B:3526.8(7.33%),P:1e-41	Tpos:99.0,Tstd:39.3,Bpos:100.3,Bstd:67.6,StrandBias:-0.1,Multiplicity:1.08
0.637	0.001	0.243	0.119
0.556	0.001	0.319	0.124
0.001	0.997	0.001	0.001
0.290	0.118	0.001	0.591
0.257	0.001	0.594	0.148
0.001	0.001	0.997	0.001
0.001	0.087	0.001	0.911
0.001	0.090	0.029	0.880
0.295	0.244	0.031	0.430
0.238	0.001	0.296	0.465
0.177	0.119	0.543	0.161
0.059	0.446	0.089	0.406
>ATCTTGAATAGG	4-ATCTTGAATAGG	13.758839	-79.087542	0	T:12.0(3.38%),B:1.1(0.00%),P:1e-34	Tpos:92.3,Tstd:31.0,Bpos:66.0,Bstd:47.7,StrandBias:1.0,Multiplicity:1.00
0.997	0.001	0.001	0.001
0.082	0.070	0.001	0.847
0.001	0.997	0.001	0.001
0.001	0.001	0.001	0.997
0.001	0.001	0.001	0.997
0.001	0.001	0.997	0.001
0.997	0.001	0.001	0.001
0.917	0.001	0.081	0.001
0.001	0.081	0.001	0.917
0.997	0.001	0.001	0.001
0.081	0.001	0.917	0.001
0.001	0.001	0.997	0.001
>GCTGGGTAAAAT	5-GCTGGGTAAAAT	13.716907	-74.994765	0	T:15.0(4.23%),B:6.3(0.01%),P:1e-32	Tpos:102.8,Tstd:24.1,Bpos:82.6,Bstd:42.4,StrandBias:0.6,Multiplicity:1.00
0.001	0.069	0.929	0.001
0.069	0.929	0.001	0.001
0.001	0.001	0.001	0.997
0.001	0.001	0.997	0.001
0.001	0.001	0.997	0.001
0.001	0.001	0.997	0.001
0.001	0.001	0.001	0.997
0.997	0.001	0.001	0.001
0.997	0.001	0.001	0.001
0.929	0.069	0.001	0.001
0.929	0.001	0.069	0.001
0.001	0.001	0.001	0.997
>GGGCTGCATTCC	6-GGGCTGCATTCC	13.487921	-74.513875	0	T:19.0(5.35%),B:22.3(0.05%),P:1e-32	Tpos:107.9,Tstd:25.0,Bpos:102.2,Bstd:93.4,StrandBias:0.2,Multiplicity:1.00
0.050	0.001	0.885	0.064
0.001	0.001	0.944	0.054
0.001	0.001	0.935	0.063
0.001	0.997	0.001	0.001
0.001	0.001	0.001	0.997
0.001	0.001	0.997	0.001
0.001	0.997	0.001	0.001
0.997	0.001	0.001	0.001
0.001	0.001	0.001	0.997
0.001	0.001	0.001	0.997
0.001	0.997	0.001	0.001
0.001	0.997	0.001	0.001
>ATTCTTAGTCAC	7-ATTCTTAGTCAC	12.845056	-60.982918	0	T:16.0(4.51%),B:21.3(0.04%),P:1e-26	Tpos:104.6,Tstd:41.1,Bpos:115.8,Bstd:60.1,StrandBias:0.0,Multiplicity:1.00
0.997	0.001	0.001	0.001
0.001	0.001	0.001	0.997
0.001	0.001	0.001	0.997
0.001	0.913	0.085	0.001
0.001	0.001	0.001	0.997
0.299	0.086	0.086	0.529
0.997	0.001	0.001	0.001
0.001	0.001	0.997	0.001
0.001	0.001	0.001	0.997
0.001	0.997	0.001	0.001
0.997	0.001	0.001	0.001
0.001	0.913	0.001	0.085
>AGGCTGAGACCT	8-AGGCTGAGACCT	11.381545	-58.866316	0	T:16.0(4.51%),B:24.7(0.05%),P:1e-25	Tpos:109.0,Tstd:31.5,Bpos:81.6,Bstd:76.2,StrandBias:0.0,Multiplicity:1.00
0.997	0.001	0.001	0.001
0.001	0.001	0.997	0.001
0.001	0.001	0.739	0.259
0.219	0.774	0.001	0.006
0.001	0.001	0.001	0.997
0.012	0.001	0.732	0.255
0.997	0.001	0.001	0.001
0.001	0.001	0.997	0.001
0.997	0.001	0.001	0.001
0.001	0.997	0.001	0.001
0.001	0.997	0.001	0.001
0.001	0.218	0.001	0.780
>GGKYGTCCTGAC	9-GGKYGTCCTGAC	8.380805	-52.432617	0	T:46.0(12.96%),B:950.8(1.98%),P:1e-22	Tpos:103.2,Tstd:42.9,Bpos:101.9,Bstd:70.2,StrandBias:-0.5,Multiplicity:1.02
0.001	0.001	0.997	0.001
0.104	0.104	0.596	0.196
0.104	0.197	0.294	0.405
0.202	0.392	0.001	0.405
0.001	0.001	0.997	0.001
0.196	0.196	0.210	0.398
0.104	0.699	0.001	0.196
0.098	0.607	0.001	0.294
0.001	0.001	0.001	0.997
0.001	0.001	0.997	0.001
0.797	0.098	0.104	0.001
0.001	0.704	0.001	0.294
>GATAAAACAGGT	10-GATAAAACAGGT	9.501220	-51.710907	0	T:29.0(8.17%),B:296.8(0.62%),P:1e-22	Tpos:103.5,Tstd:61.0,Bpos:104.9,Bstd:65.4,StrandBias:0.5,Multiplicity:1.07
0.088	0.001	0.835	0.076
0.794	0.044	0.075	0.087
0.089	0.044	0.069	0.798
0.731	0.037	0.145	0.087
0.868	0.001	0.130	0.001
0.838	0.124	0.037	0.001
0.782	0.130	0.087	0.001
0.001	0.997	0.001	0.001
0.955	0.001	0.001	0.043
0.001	0.001	0.912	0.086
0.001	0.087	0.744	0.168
0.163	0.044	0.044	0.749
>TGTCAGAGGCGT	11-TGTCAGAGGCGT	13.016614	-51.483493	0	T:13.0(3.66%),B:15.8(0.03%),P:1e-22	Tpos:81.6,Tstd:62.1,Bpos:81.2,Bstd:70.0,StrandBias:0.7,Multiplicity:1.00
0.001	0.119	0.001	0.879
0.001	0.001	0.997	0.001
0.001	0.001	0.001	0.997
0.001	0.997	0.001	0.001
0.997	0.001	0.001	0.001
0.119	0.001	0.879	0.001
0.997	0.001	0.001	0.001
0.001	0.001	0.997	0.001
0.119	0.001	0.879	0.001
0.001	0.922	0.001	0.076
0.323	0.120	0.556	0.001
0.001	0.001	0.001	0.997
>AGGATGAGATAG	12-AGGATGAGATAG	13.279280	-48.732971	0	T:14.0(3.94%),B:26.5(0.06%),P:1e-21	Tpos:116.5,Tstd:43.6,Bpos:105.4,Bstd:48.1,StrandBias:0.4,Multiplicity:1.00
0.997	0.001	0.001	0.001
0.101	0.001	0.897	0.001
0.001	0.101	0.897	0.001
0.997	0.001	0.001	0.001
0.001	0.001	0.001	0.997
0.001	0.001	0.997	0.001
0.997	0.001	0.001	0.001
0.001	0.001	0.997	0.001
0.897	0.001	0.101	0.001
0.102	0.055	0.074	0.769
0.997	0.001	0.001	0.001
0.101	0.001	0.897	0.001
>GCACAAGATACA	13-GCACAAGATACA	13.986155	-47.776633	0	T:13.0(3.66%),B:20.8(0.04%),P:1e-20	Tpos:117.8,Tstd:63.2,Bpos:110.4,Bstd:62.9,StrandBias:0.7,Multiplicity:1.00
0.001	0.100	0.898	0.001
0.001	0.997	0.001	0.001
0.997	0.001	0.001	0.001
0.001	0.997	0.001	0.001
0.997	0.001	0.001	0.001
0.997	0.001	0.001	0.001
0.100	0.001	0.898	0.001
0.997	0.001	0.001	0.001
0.001	0.100	0.001	0.898
0.997	0.001	0.001	0.001
0.100	0.898	0.001	0.001
0.997	0.001	0.001	0.001
>AGTTGCTCTGGT	14-AGTTGCTCTGGT	9.367966	-40.675574	0	T:28.0(7.89%),B:410.7(0.85%),P:1e-17	Tpos:109.0,Tstd:52.4,Bpos:100.8,Bstd:66.4,StrandBias:-0.5,Multiplicity:1.04
0.838	0.037	0.040	0.085
0.001	0.001	0.997	0.001
0.001	0.180	0.001	0.818
0.051	0.193	0.132	0.624
0.092	0.085	0.732	0.091
0.001	0.866	0.051	0.082
0.051	0.001	0.051	0.897
0.001	0.914	0.084	0.001
0.101	0.001	0.001	0.897
0.103	0.001	0.895	0.001
0.002	0.118	0.829	0.051
0.102	0.142	0.058	0.698
>TGGACTAACTGG	15-TGGACTAACTGG	14.640156	-29.365923	0	T:5.0(1.41%),B:1.7(0.00%),P:1e-12	Tpos:109.6,Tstd:14.0,Bpos:164.6,Bstd:3.7,StrandBias:-0.6,Multiplicity:1.00
0.001	0.001	0.001	0.997
0.001	0.001	0.997	0.001
0.001	0.001	0.997	0.001
0.997	0.001	0.001	0.001
0.001	0.997	0.001	0.001
0.001	0.249	0.001	0.749
0.749	0.249	0.001	0.001
0.997	0.001	0.001	0.001
0.249	0.749	0.001	0.001
0.001	0.001	0.001	0.997
0.001	0.001	0.997	0.001
0.001	0.001	0.997	0.001
>AAAGAAGCTGGC	16-AAAGAAGCTGGC	10.701814	-28.137245	0	T:17.0(4.79%),B:206.0(0.43%),P:1e-12	Tpos:73.0,Tstd:47.1,Bpos:97.6,Bstd:70.5,StrandBias:-0.5,Multiplicity:1.12
0.682	0.141	0.001	0.176
0.687	0.088	0.224	0.001
0.562	0.001	0.201	0.236
0.001	0.001	0.997	0.001
0.997	0.001	0.001	0.001
0.783	0.001	0.128	0.088
0.001	0.001	0.908	0.090
0.001	0.923	0.001	0.075
0.044	0.092	0.001	0.863
0.001	0.001	0.997	0.001
0.180	0.092	0.727	0.001
0.063	0.934	0.001	0.002
>TCCTGGAAWGTG	17-TCCTGGAAWGTG	13.329751	-26.520831	0	T:8.0(2.25%),B:19.2(0.04%),P:1e-11	Tpos:123.9,Tstd:51.3,Bpos:118.0,Bstd:70.9,StrandBias:0.0,Multiplicity:1.00
0.001	0.001	0.001	0.997
0.001	0.840	0.158	0.001
0.001	0.840	0.001	0.158
0.001	0.001	0.001	0.997
0.001	0.001	0.997	0.001
0.001	0.001	0.997	0.001
0.997	0.001	0.001	0.001
0.997	0.001	0.001	0.001
0.556	0.001	0.001	0.442
0.001	0.238	0.760	0.001
0.001	0.158	0.001	0.840
0.001	0.001	0.997	0.001
>AGTTAGGAGTCA	18-AGTTAGGAGTCA	14.257152	-25.906250	0	T:5.0(1.41%),B:2.0(0.00%),P:1e-11	Tpos:85.4,Tstd:61.7,Bpos:103.4,Bstd:60.0,StrandBias:0.6,Multiplicity:1.00
0.997	0.001	0.001	0.001
0.001	0.001	0.997	0.001
0.001	0.001	0.199	0.799
0.200	0.200	0.001	0.599
0.997	0.001	0.001	0.001
0.001	0.001	0.997	0.001
0.001	0.001	0.997	0.001
0.799	0.199	0.001	0.001
0.001	0.001	0.997	0.001
0.001	0.001	0.001	0.997
0.001	0.997	0.001	0.001
0.997	0.001	0.001	0.001
>CAGGAGGTTAGG	19-CAGGAGGTTAGG	10.591105	-24.390202	0	T:16.0(4.51%),B:225.0(0.47%),P:1e-10	Tpos:104.8,Tstd:37.5,Bpos:98.1,Bstd:71.0,StrandBias:-0.4,Multiplicity:1.00
0.001	0.997	0.001	0.001
0.694	0.001	0.001	0.304
0.001	0.029	0.969	0.001
0.017	0.012	0.727	0.244
0.846	0.001	0.152	0.001
0.243	0.001	0.755	0.001
0.027	0.001	0.971	0.001
0.001	0.001	0.117	0.881
0.001	0.262	0.039	0.698
0.951	0.001	0.001	0.047
0.025	0.001	0.691	0.283
0.017	0.001	0.698	0.284
>TGGCAGGAACAG	20-TGGCAGGAACAG	11.636935	-23.577609	0	T:16.0(4.51%),B:238.7(0.50%),P:1e-10	Tpos:78.2,Tstd:53.4,Bpos:94.8,Bstd:59.0,StrandBias:-1.1,Multiplicity:1.00
0.001	0.001	0.375	0.623
0.001	0.195	0.803	0.001
0.001	0.001	0.909	0.089
0.175	0.745	0.079	0.001
0.647	0.001	0.083	0.269
0.001	0.001	0.997	0.001
0.001	0.001	0.997	0.001
0.734	0.189	0.076	0.001
0.619	0.101	0.279	0.001
0.274	0.721	0.004	0.001
0.997	0.001	0.001	0.001
0.001	0.001	0.997	0.001
>GACGGTTAAGGC	21-GACGGTTAAGGC	14.640156	-22.836112	0	T:4.0(1.13%),B:1.6(0.00%),P:1e-9	Tpos:102.2,Tstd:20.6,Bpos:113.0,Bstd:0.0,StrandBias:0.0,Multiplicity:1.00
0.001	0.001	0.997	0.001
0.997	0.001	0.001	0.001
0.249	0.749	0.001	0.001
0.249	0.001	0.749	0.001
0.001	0.001	0.997	0.001
0.001	0.001	0.001	0.997
0.001	0.001	0.249	0.749
0.997	0.001	0.001	0.001
0.997	0.001	0.001	0.001
0.001	0.001	0.997	0.001
0.001	0.001	0.997	0.001
0.001	0.997	0.001	0.001
>CAAAACAGCATT	22-CAAAACAGCATT	15.453628	-20.069359	0	T:4.0(1.13%),B:2.8(0.01%),P:1e-8	Tpos:99.5,Tstd:58.5,Bpos:76.5,Bstd:29.6,StrandBias:0.0,Multiplicity:1.00
0.001	0.997	0.001	0.001
0.997	0.001	0.001	0.001
0.997	0.001	0.001	0.001
0.997	0.001	0.001	0.001
0.997	0.001	0.001	0.001
0.001	0.997	0.001	0.001
0.997	0.001	0.001	0.001
0.001	0.001	0.997	0.001
0.001	0.997	0.001	0.001
0.997	0.001	0.001	0.001
0.001	0.001	0.001	0.997
0.001	0.317	0.001	0.681
>ACCATCAAGTGA	23-ACCATCAAGTGA	14.334004	-19.672736	0	T:5.0(1.41%),B:7.3(0.02%),P:1e-8	Tpos:98.8,Tstd:44.6,Bpos:79.9,Bstd:54.8,StrandBias:0.6,Multiplicity:1.00
0.997	0.001	0.001	0.001
0.001	0.997	0.001	0.001
0.001	0.997	0.001	0.001
0.997	0.001	0.001	0.001
0.001	0.001	0.001	0.997
0.268	0.730	0.001	0.001
0.997	0.001	0.001	0.001
0.805	0.001	0.193	0.001
0.268	0.001	0.730	0.001
0.001	0.001	0.001	0.997
0.001	0.001	0.997	0.001
0.997	0.001	0.001	0.001
>TTGMARCTSGTG	24-TTGMARCTSGTG	10.560456	-16.273808	0	T:11.0(3.10%),B:170.8(0.36%),P:1e-7	Tpos:111.4,Tstd:51.5,Bpos:103.8,Bstd:77.8,StrandBias:-0.3,Multiplicity:1.00
0.001	0.290	0.001	0.708
0.269	0.001	0.001	0.729
0.001	0.001	0.997	0.001
0.508	0.490	0.001	0.001
0.553	0.142	0.220	0.085
0.547	0.006	0.446	0.001
0.001	0.997	0.001	0.001
0.133	0.001	0.001	0.865
0.001	0.407	0.453	0.139
0.268	0.004	0.727	0.001
0.007	0.001	0.134	0.858
0.001	0.001	0.997	0.001
>TGACCTGG	1-TGACCTGG	6.763112	-218.208561	0	T:215.0(60.56%),B:6412.6(13.33%),P:1e-94	Tpos:101.6,Tstd:51.1,Bpos:99.8,Bstd:71.0,StrandBias:-0.5,Multiplicity:1.25
0.021	0.027	0.001	0.951
0.015	0.012	0.915	0.058
0.954	0.032	0.010	0.004
0.032	0.940	0.001	0.027
0.042	0.902	0.001	0.055
0.031	0.282	0.069	0.618
0.179	0.007	0.625	0.189
0.201	0.152	0.435	0.211
>YAKGTCAY	2-YAKGTCAY	5.162717	-129.607157	0	T:271.0(76.34%),B:16808.0(34.95%),P:1e-56	Tpos:100.3,Tstd:53.6,Bpos:99.9,Bstd:68.8,StrandBias:-0.4,Multiplicity:1.43
0.233	0.260	0.113	0.394
0.514	0.001	0.272	0.213
0.231	0.059	0.426	0.285
0.001	0.043	0.868	0.088
0.001	0.038	0.087	0.874
0.001	0.840	0.056	0.103
0.694	0.001	0.126	0.179
0.188	0.426	0.001	0.386
>AACAGGTT	3-AACAGGTT	5.614876	-91.407793	0	T:141.0(39.72%),B:5736.7(11.93%),P:1e-39	Tpos:105.2,Tstd:46.6,Bpos:100.5,Bstd:67.7,StrandBias:0.2,Multiplicity:1.18
0.976	0.001	0.022	0.001
0.777	0.041	0.173	0.009
0.018	0.980	0.001	0.001
0.827	0.026	0.001	0.146
0.121	0.050	0.816	0.013
0.024	0.001	0.944	0.031
0.035	0.040	0.001	0.924
0.001	0.043	0.001	0.955
>GTCAGGSY	4-GTCAGGSY	5.854179	-63.320377	0	T:162.0(45.63%),B:9500.4(19.75%),P:1e-27	Tpos:98.0,Tstd:51.0,Bpos:100.5,Bstd:71.7,StrandBias:0.1,Multiplicity:1.30
0.144	0.001	0.854	0.001
0.001	0.060	0.049	0.890
0.061	0.816	0.001	0.122
0.760	0.070	0.135	0.035
0.052	0.041	0.795	0.112
0.146	0.119	0.619	0.116
0.073	0.448	0.306	0.173
0.121	0.311	0.169	0.400
>ACAGGTTA	5-ACAGGTTA	5.074930	-61.363969	0	T:194.0(54.65%),B:13139.8(27.32%),P:1e-26	Tpos:91.0,Tstd:49.2,Bpos:99.7,Bstd:67.6,StrandBias:-0.2,Multiplicity:1.12
0.598	0.004	0.318	0.080
0.164	0.829	0.006	0.001
0.601	0.145	0.092	0.162
0.082	0.037	0.857	0.024
0.001	0.038	0.913	0.048
0.077	0.001	0.001	0.921
0.194	0.028	0.039	0.739
0.508	0.184	0.278	0.030
>BGCATTCH	6-BGCATTCH	7.213408	-43.628546	0	T:38.0(10.70%),B:778.9(1.62%),P:1e-18	Tpos:101.1,Tstd:40.0,Bpos:101.0,Bstd:65.9,StrandBias:-0.2,Multiplicity:1.00
0.089	0.248	0.361	0.302
0.001	0.001	0.925	0.073
0.001	0.946	0.052	0.001
0.843	0.001	0.155	0.001
0.296	0.102	0.091	0.511
0.213	0.001	0.001	0.785
0.096	0.694	0.209	0.001
0.246	0.334	0.169	0.251
>GTAAACAA	7-GTAAACAA	6.328054	-36.405152	0	T:93.0(26.20%),B:5110.2(10.62%),P:1e-15	Tpos:104.7,Tstd:57.1,Bpos:100.3,Bstd:66.6,StrandBias:-0.3,Multiplicity:1.13
0.080	0.015	0.904	0.001
0.052	0.195	0.050	0.703
0.967	0.025	0.001	0.007
0.988	0.010	0.001	0.001
0.829	0.001	0.128	0.042
0.033	0.875	0.091	0.001
0.976	0.022	0.001	0.001
0.769	0.102	0.056	0.073
>TGCCCTRS	8-TGCCCTRS	6.118366	-27.511928	0	T:83.0(23.38%),B:4972.0(10.34%),P:1e-11	Tpos:104.5,Tstd:54.5,Bpos:99.8,Bstd:67.6,StrandBias:0.1,Multiplicity:1.14
0.195	0.049	0.212	0.544
0.204	0.003	0.745	0.048
0.028	0.705	0.214	0.053
0.015	0.833	0.099	0.053
0.084	0.838	0.021	0.057
0.158	0.235	0.083	0.524
0.461	0.084	0.330	0.125
0.187	0.448	0.362	0.002
>CTTGAATA	9-CTTGAATA	8.236954	-25.747123	0	T:16.0(4.51%),B:205.1(0.43%),P:1e-11	Tpos:87.5,Tstd:30.9,Bpos:93.8,Bstd:57.9,StrandBias:0.7,Multiplicity:1.00
0.100	0.700	0.100	0.100
0.100	0.100	0.100	0.700
0.100	0.100	0.100	0.700
0.100	0.100	0.700	0.100
0.700	0.100	0.100	0.100
0.700	0.100	0.100	0.100
0.100	0.100	0.100	0.700
0.700	0.100	0.100	0.100
>ACATTCCT	10-ACATTCCT	7.145959	-24.611230	0	T:73.0(20.56%),B:4316.9(8.98%),P:1e-10	Tpos:85.7,Tstd:57.6,Bpos:99.8,Bstd:65.2,StrandBias:-0.5,Multiplicity:1.07
0.854	0.051	0.020	0.075
0.089	0.909	0.001	0.001
0.858	0.001	0.001	0.140
0.001	0.001	0.071	0.927
0.001	0.001	0.001	0.997
0.001	0.970	0.001	0.028
0.001	0.902	0.001	0.096
0.231	0.104	0.063	0.602
>ATGAGATA	11-ATGAGATA	7.848587	-21.761646	0	T:35.0(9.86%),B:1374.3(2.86%),P:1e-9	Tpos:100.4,Tstd:54.2,Bpos:103.2,Bstd:62.5,StrandBias:-0.4,Multiplicity:1.00
0.997	0.001	0.001	0.001
0.001	0.095	0.001	0.903
0.054	0.159	0.786	0.001
0.997	0.001	0.001	0.001
0.078	0.001	0.920	0.001
0.997	0.001	0.001	0.001
0.001	0.116	0.001	0.882
0.997	0.001	0.001	0.001
>CACAAGAT	12-CACAAGAT	10.578090	-21.104865	0	T:16.0(4.51%),B:283.2(0.59%),P:1e-9	Tpos:111.3,Tstd:60.5,Bpos:101.3,Bstd:68.5,StrandBias:0.2,Multiplicity:1.06
0.001	0.997	0.001	0.001
0.948	0.001	0.050	0.001
0.001	0.997	0.001	0.001
0.978	0.001	0.020	0.001
0.656	0.001	0.342	0.001
0.001	0.001	0.997	0.001
0.997	0.001	0.001	0.001
0.001	0.001	0.001	0.997
>GGTAAAAT	13-GGTAAAAT	8.650203	-19.087215	0	T:20.0(5.63%),B:531.6(1.11%),P:1e-8	Tpos:94.7,Tstd:36.4,Bpos:103.4,Bstd:61.8,StrandBias:0.1,Multiplicity:1.05
0.001	0.001	0.997	0.001
0.001	0.001	0.997	0.001
0.001	0.001	0.001	0.997
0.997	0.001	0.001	0.001
0.997	0.001	0.001	0.001
0.816	0.094	0.001	0.089
0.997	0.001	0.001	0.001
0.001	0.001	0.001	0.997
>AGGCATTC	14-AGGCATTC	9.774653	-18.882024	0	T:17.0(4.79%),B:380.1(0.79%),P:1e-8	Tpos:109.8,Tstd:36.6,Bpos:96.8,Bstd:61.0,StrandBias:-0.7,Multiplicity:1.00
0.679	0.001	0.319	0.001
0.001	0.420	0.578	0.001
0.001	0.001	0.997	0.001
0.001	0.997	0.001	0.001
0.997	0.001	0.001	0.001
0.001	0.001	0.001	0.997
0.001	0.001	0.001	0.997
0.001	0.955	0.001	0.043
>AGAGCAAC	15-AGAGCAAC	7.947745	-18.383277	0	T:32.0(9.01%),B:1345.3(2.80%),P:1e-7	Tpos:106.8,Tstd:50.2,Bpos:99.7,Bstd:67.6,StrandBias:0.5,Multiplicity:1.03
0.997	0.001	0.001	0.001
0.001	0.113	0.885	0.001
0.935	0.063	0.001	0.001
0.001	0.001	0.997	0.001
0.001	0.997	0.001	0.001
0.786	0.212	0.001	0.001
0.997	0.001	0.001	0.001
0.001	0.997	0.001	0.001
>ATCAGCAA	16-ATCAGCAA	8.879376	-17.383760	0	T:28.0(7.89%),B:1113.0(2.31%),P:1e-7	Tpos:87.9,Tstd:71.2,Bpos:98.7,Bstd:68.9,StrandBias:0.0,Multiplicity:1.04
0.997	0.001	0.001	0.001
0.159	0.001	0.001	0.839
0.001	0.865	0.001	0.133
0.997	0.001	0.001	0.001
0.001	0.001	0.997	0.001
0.001	0.997	0.001	0.001
0.997	0.001	0.001	0.001
0.997	0.001	0.001	0.001
>GGTCGTTA	17-GGTCGTTA	7.357183	-14.288892	0	T:18.0(5.07%),B:589.7(1.23%),P:1e-6	Tpos:107.5,Tstd:68.6,Bpos:98.0,Bstd:65.8,StrandBias:-0.5,Multiplicity:1.00
0.082	0.001	0.916	0.001
0.001	0.001	0.997	0.001
0.062	0.001	0.068	0.869
0.030	0.968	0.001	0.001
0.069	0.001	0.595	0.335
0.001	0.001	0.001	0.997
0.097	0.032	0.037	0.834
0.882	0.065	0.052	0.001
