# R script for Peak Model
#  -- generated by MACS
p <- c(0.0307806134618,0.0358863504609,0.0408787890727,0.0458200606709,0.0508527019363,0.0506918913221,0.0506918913221,0.050856356723,0.0508490471496,0.0505712833615,0.05027524564,0.0501217445993,0.0500376845055,0.050333722227,0.0503739248805,0.0503300674403,0.0504104727474,0.0503410318004,0.0503666153072,0.0503629605205,0.0503446865871,0.0506041764417,0.0506918913221,0.0504652945477,0.0506334147352,0.0505420450681,0.0503629605205,0.05027524564,0.0502350429865,0.0506882365355,0.0508600115097,0.0505822477216,0.0505201163479,0.0507211296156,0.0505456998547,0.050658998242,0.0506992008955,0.0508307732162,0.0508051897094,0.0505785929349,0.0504835684811,0.0507613322692,0.0506334147352,0.0506626530287,0.0507796062026,0.0508819402298,0.0509988934037,0.0510390960572,0.0510939178575,0.051134120511,0.0511012274309,0.0509221428833,0.0512254901782,0.0509988934037,0.0509184880966,0.0511962518847,0.0510427508439,0.0509842742569,0.0509806194703,0.0509733098969,0.0510573699906,0.0510866082841,0.0509879290436,0.0508453923629,0.0508600115097,0.0501582924661,0.0502167690531,0.0501144350259,0.0501656020395,0.0501509828927,0.0501217445993,0.0501144350259,0.0501217445993,0.0504433658276,0.0505274259213,0.0510829534974,0.0512656928317,0.0515069087529,0.0515251826863,0.0513863007923,0.0516384810736,0.0517006124472,0.0518029464744,0.0516494454336,0.0516531002203,0.0514265034458,0.0512912763385,0.0511121917909,0.0512656928317,0.0514703608861,0.0513863007923,0.0515324922597,0.0518906613548,0.0519052805016,0.0518687326347,0.0522342113032,0.0521464964228,0.0525558325315,0.0523036522503,0.0520405076089,0.052120912916,0.0521866990763,0.051912590075,0.0520770554758,0.0522671043834,0.052062436329,0.052051471969,0.0518175656211,0.0518285299812,0.0522122825831,0.0521136033426,0.0520331980356,0.0520660911157,0.0519966501687,0.0518468039146,0.0518796969948,0.0520551267557,0.0519052805016,0.0519710666619,0.0518285299812,0.051784672541,0.0517042672339,0.0517992916877,0.0517992916877,0.051784672541,0.0518358395546,0.0518358395546,0.052179389503,0.0523584740505,0.0525777612516,0.0526837500655,0.0528262867462,0.0526362378386,0.0528043580261,0.0529140016267,0.0530894313876,0.0532283132816,0.0529505494935,0.0528262867462,0.052643547412,0.0526691309188,0.0527860840927,0.0530419191607,0.0530163356539,0.0533818143224,0.0534731839895,0.0533891238957,0.0533087185887,0.053513386643,0.0534293265493,0.0536741972572,0.0537619121376,0.0536778520439,0.0539007940316,0.0537546025642,0.0538715557382,0.054105462086,0.054361297154,0.0544599763945,0.0546244417953,0.0545732747817,0.0545805843551,0.0546098226486,0.0544161189542,0.0540981525126,0.0540981525126,0.053897139245,0.053897139245,0.0539409966852,0.0541931769665,0.0541456647395,0.0542370344067,0.0542260700466,0.0544088093809,0.0546573348755,0.0546025130752,0.0544563216078,0.0545513460616,0.0545403817015,0.0543905354474,0.0545769295684,0.0544088093809,0.0545732747817,0.054766978476,0.0549972300372,0.0548510385698,0.0552969225453,0.0552786486119,0.055359053919,0.0555162097465,0.0556514368538,0.0557756996011,0.0558999623484,0.0557135682274,0.0556039246269,0.0558122474679,0.0558414857614,0.056148487843,0.056345846324,0.0562215835767,0.0559694032954,0.0562106192166,0.0561886904965,0.0565249308715,0.0565980266052,0.0565760978851,0.056751527646,0.0568246233797,0.0567844207262,0.0570219818607,0.0572485786352,0.0572010664083,0.0571498993947,0.0570987323811,0.0571827924749,0.0574495919029,0.0577858322779,0.0579429881054,0.0578479636515,0.0576944626108,0.0576213668771,0.0575811642235,0.0578589280116,0.0580818699994,0.0583705981475,0.0584400390945,0.0581622753065,0.0581622753065,0.0583267407073,0.0585094800415,0.0588128273364,0.0589809475239,0.0589553640171,0.0588822682834,0.058725112456,0.0585789209886,0.0585825757752,0.0587580055361,0.0588420656299,0.0592916043921,0.0594158671394,0.0595584038202,0.059861751115,0.060059109596,0.0600225617292,0.06019799149,0.0603588021042,0.0606365658923,0.0605853988787,0.0604684457047,0.0604574813447,0.0605378866518,0.0606256015322,0.0605634701586,0.0609837706273,0.0611592003882,0.0613273205757,0.0610970690146,0.0616854896709,0.0621569571533,0.0624201017946,0.062566293262,0.0628221283299,0.0629427362905,0.063366691546,0.0635092282267,0.0635603952403,0.0638637425352,0.0635275021602,0.0635932883205,0.0637102414944,0.0638381590284,0.0640830297363,0.0643315552309,0.064225566417,0.0644521631915,0.0648505349402,0.064876118447,0.065734993318,0.0657898151182,0.0662978304675,0.0666450352025,0.0668204649634,0.067068990458,0.0672992420192,0.0671822888452,0.0671786340586,0.0673540638194,0.0672261462855,0.0675185292203,0.0671822888452,0.0672115271387,0.0670470617379,0.0671932532053,0.0674710169934,0.0678876626755,0.0683116179309,0.0686807513861,0.0688379072136,0.069378815643,0.069981855446,0.0709247904108,0.0714437701201,0.0717946296418,0.0724159433783,0.073475831517,0.0741081096135,0.0745905414559,0.0752191647658,0.075796621062,0.0763594582115,0.0764508278786,0.0773974176301,0.078314769088,0.0784865440622,0.0784609605554,0.0786912121166,0.0793819668001,0.0797803385487,0.0797803385487,0.0802444964577,0.0807013447934,0.0806867256466,0.0807159639401,0.0812349436494,0.0815200170108,0.0820536158669,0.0824556424022,0.082609143443,0.0832231476061,0.0834314704471,0.0840966416238,0.0847362292937,0.0852259707095,0.0858399748726,0.0864868721159,0.0867536715439,0.0870021970385,0.0878574171228,0.0882557888715,0.0886139579666,0.0887053276337,0.088957507915,0.089363189237,0.0895897860115,0.0899808481868,0.0908470326312,0.0911978921529,0.0911430703527,0.0912673331,0.0915048942345,0.0919873260769,0.0922175776381,0.0923783882522,0.0926780807604,0.0928644748813,0.0925465084397,0.0926232589601,0.0930472142156,0.0936100513651,0.0945091288896,0.0949550128652,0.0953826229074,0.09589794783,0.096164747258,0.0966069764469,0.097151539663,0.0978751874266,0.0990118260857,0.0992274585001,0.0994942579281,0.0994650196346,0.100111916878,0.100703992321,0.10124490075,0.101741951739,0.102472909076,0.102948031345,0.103024781866,0.103905585457,0.104322231139,0.104965473596,0.10521399909,0.105882825054,0.106749009498,0.107308191861,0.107977017824,0.108452140093,0.108993048523,0.109592433539,0.110184508982,0.110751000918,0.111408862521,0.111748757683,0.112063069338,0.113188743637,0.113404376052,0.114394823243,0.11504903006,0.115626486356,0.116214907012,0.117117639324,0.117589106806,0.118159253529,0.11910584328,0.119200867734,0.119877003271,0.11973446659,0.120443495207,0.121042880223,0.121989469975,0.122983571953,0.123783970237,0.124635535535,0.124935228043,0.125779483767,0.12625095125,0.127552055309,0.128531538141,0.129236911971,0.129554878413,0.129956904948,0.130834053753,0.131568665876,0.13290997259,0.133728644807,0.135069951521,0.135855730658,0.136111565726,0.13697775017,0.137957233002,0.138783214793,0.139704221037,0.140950503297,0.141411006419,0.142120035036,0.143187232748,0.144115548566,0.145219294145,0.145822333948,0.147017449194,0.148033479893,0.149213975992,0.150281173704,0.151140048575,0.152422878702,0.152813940877,0.15352662428,0.154392808725,0.155953402639,0.156991362058,0.157963535316,0.158975911228,0.159622808471,0.160832542864,0.161954562376,0.163222773356,0.164878391724,0.166237972371,0.166939691415,0.16794841254,0.169106979919,0.170225344645,0.171877308226,0.173394044701,0.174417384972,0.175612500218,0.176507922956,0.177604358962,0.178518055633,0.179431752304,0.18064879627,0.181968174264,0.182739334254,0.183316790551,0.184098914901,0.185096671666,0.186335644352,0.187636748412,0.188992674272,0.190224337385,0.190955294722,0.192183303049,0.192983701333,0.194244602739,0.195892911534,0.197566803836,0.198469536147,0.199492876419,0.200370025223,0.201824630324,0.203549689639,0.204470695884,0.205881443544,0.20698884391,0.208216852236,0.208721212799,0.209971149845,0.211016418837,0.211966663375,0.212924217486,0.213761163637,0.214521359268,0.215595866553,0.216816565306,0.217339199802,0.218936341583,0.219835419108,0.220950129047,