# R script for Peak Model
#  -- generated by MACS
p <- c(0.0321644127167,0.0376190354628,0.042873059992,0.0481902866991,0.0535872031088,0.0535020175647,0.0535899510296,0.0534662945945,0.0532409650907,0.0530293751907,0.0529359458842,0.0528507603401,0.0528397686569,0.0527710706375,0.0525320015297,0.0526006995492,0.0527463393505,0.0529524334089,0.0530046439037,0.0532052421205,0.0532217296452,0.053199746279,0.0533591256842,0.0534058403374,0.0537658179594,0.0538125326127,0.053746582514,0.0535267488517,0.0535762114257,0.0534772862776,0.053298671427,0.0532876797439,0.0532574526153,0.0532876797439,0.0531337961803,0.0529716688543,0.0529469375673,0.053348134001,0.0532162338037,0.0532629484569,0.0535267488517,0.0535817072672,0.0538510035036,0.0539746599386,0.0540928205321,0.0541367872646,0.0541175518191,0.0539883995425,0.0540103829087,0.0541285435022,0.0542137290464,0.0539993912256,0.0537191033062,0.0535624718218,0.0532794359816,0.0534553029114,0.0534690425153,0.0534140840997,0.0533975965751,0.0533756132088,0.0531118128141,0.0532327213283,0.0532849318231,0.053175014992,0.0533371423179,0.0531612753881,0.053150283705,0.0528287769738,0.0531035690517,0.0531255524179,0.0531915025166,0.0533206547932,0.0532684442985,0.0534772862776,0.0532134858829,0.0532876797439,0.0533646215257,0.0535734635049,0.0534937738023,0.0533426381595,0.0533179068725,0.0531008211309,0.0529029708349,0.0528535082608,0.0531365441011,0.0530541064777,0.0531530316257,0.0532766880608,0.0533069151894,0.0532217296452,0.0532904276647,0.0534498070699,0.0535789593465,0.0538152805334,0.0538345159789,0.0539279452854,0.0538345159789,0.0536668928114,0.0538042888503,0.054007634988,0.0542192248879,0.0542274686503,0.0542192248879,0.0539306932062,0.0538070367711,0.0537823054841,0.0535954468711,0.053609186475,0.053510261327,0.0533371423179,0.0530980732102,0.0530843336063,0.0533206547932,0.053436067466,0.0536201781581,0.0537685658802,0.0539554244932,0.0539938953841,0.054081828849,0.0542274686503,0.0544005876593,0.0544143272632,0.0543950918178,0.0545572191437,0.0545187482528,0.0545077565697,0.0544445543918,0.0544885211243,0.0544088314217,0.054554471223,0.0546149254801,0.0548100278554,0.0548814737956,0.0546149254801,0.0548484987463,0.0546451526087,0.0547798007268,0.0550738282502,0.0551425262696,0.0552112242891,0.0551232908242,0.0551095512203,0.0549584155775,0.0551974846852,0.0550875678541,0.0552826702294,0.0553843432982,0.0552661827047,0.0551150470619,0.0552826702294,0.0553651078527,0.0553101494372,0.0552332076553,0.0554173183475,0.055584941515,0.0555959331982,0.0555629581488,0.0555904373566,0.0557992793358,0.0553898391397,0.0555134955748,0.0554557892384,0.055747068841,0.0555821935943,0.0554420496345,0.0552332076553,0.0551590137943,0.0551892409229,0.0552661827047,0.0556096728021,0.0556151686436,0.0557058500293,0.0556618832968,0.0555876894358,0.0557113458709,0.0560878110176,0.0562911571552,0.0562774175513,0.056219711215,0.0560988027007,0.0562361987396,0.0564230573526,0.0564972512136,0.0564835116097,0.0564890074513,0.05676654745,0.0568187579448,0.0568050183409,0.0566373951733,0.0566428910149,0.0565384700253,0.0565192345799,0.056703345272,0.0570303478447,0.0570330957655,0.0569204310136,0.0568984476473,0.0570221040824,0.0573600983382,0.0574892506148,0.0575414611096,0.0579509013056,0.0577585468511,0.0576184028914,0.0577035884356,0.0577283197226,0.0577915219005,0.0578822032862,0.0578107573459,0.0579069345732,0.0579893721966,0.0576019153667,0.0578931949693,0.0580223472459,0.0579069345732,0.0578574719992,0.0580663139784,0.0579151783355,0.058033338929,0.0579646409095,0.0579454054641,0.0579866242758,0.0578409844745,0.0579783805134,0.0581982141757,0.0582779038783,0.0582256933835,0.0583108789277,0.0582614163537,0.0583658373433,0.0582092058589,0.0582339371459,0.0585004854614,0.0583823248679,0.0584647624913,0.0585499480354,0.0585911668471,0.058940152786,0.0589538923899,0.0589181694198,0.0591105238743,0.0592094490224,0.0592506678341,0.0594924848626,0.059437526447,0.0592699032795,0.0592534157548,0.0593743242691,0.0596820913963,0.0600228335729,0.060270146443,0.0605449385209,0.0606356199066,0.0606768387183,0.0608774369351,0.0613665668338,0.0616578464363,0.0616193755454,0.0616386109909,0.0616963173273,0.0619628656428,0.061836461287,0.0616935694065,0.0618914197026,0.0620123282168,0.0621689597012,0.0620260678207,0.0621002616817,0.0621387325727,0.0620453032662,0.0618556967324,0.0619958406922,0.0623640620765,0.0622596410869,0.0624052808882,0.0624794747492,0.0629521171232,0.0630757735582,0.0633313301907,0.063762753753,0.0638781664257,0.0640155624646,0.0640293020685,0.0644607256308,0.0644442381061,0.0644030192944,0.0643013462256,0.0646228529568,0.0647904761243,0.0648261990944,0.0651147307762,0.0654389854281,0.0656835503774,0.065886896515,0.0661946636423,0.0663705305721,0.0666673060162,0.0667524915604,0.0669585856188,0.0672004026473,0.067576867794,0.0678296765057,0.0683655210576,0.068906861451,0.0692915703601,0.0699950380794,0.0706847661949,0.0709348269858,0.071566848765,0.0721466600493,0.0724846543051,0.0729380612336,0.0729847758869,0.0729408091544,0.0731716344998,0.0731826261829,0.0730397343024,0.0735563434089,0.0737432020218,0.0740564649906,0.0741773735049,0.0744274342958,0.0748588578581,0.0751363978567,0.07564201528,0.0759855053774,0.0762960204254,0.0766999647799,0.0769115546799,0.0770269673526,0.077257792698,0.077903554081,0.0781481190304,0.0783597089303,0.0785905342758,0.0788900576407,0.0792390435796,0.0792417915004,0.0795990212016,0.0798518299133,0.0805745330781,0.0806844499093,0.0808877960469,0.081297236243,0.081519817826,0.0818550641611,0.082228781387,0.0824019003961,0.0827316508895,0.0828937782155,0.0830778889077,0.0832345203921,0.083707162766,0.0841907968231,0.0844710847426,0.0848722811763,0.0854411007775,0.0860676267151,0.0862462415657,0.0868205570085,0.0870266510669,0.0876971437369,0.0880900964083,0.0883758801693,0.0888952371965,0.0891095750173,0.0892304835316,0.089461308877,0.0899284554094,0.0902911809522,0.0906429148119,0.0909039672859,0.0910386154041,0.0914727868871,0.0919509251026,0.0922641880714,0.0928055284649,0.0932974062843,0.0937095944011,0.0938002757868,0.0940943033102,0.0942536827153,0.094891200336,0.095289648849,0.0956221472632,0.0962569169631,0.0965976591397,0.0971554870578,0.0977105670552,0.0987053143771,0.0994884717991,0.100318343874,0.100900903079,0.101318587038,0.101777489808,0.10231333436,0.103132214752,0.103805455343,0.104451216726,0.104943094545,0.105602595532,0.10601753157,0.106553376122,0.107080976911,0.107866882254,0.108490660271,0.109042992347,0.109592576503,0.11028780046,0.110779678279,0.11138147293,0.112057461442,0.112956031536,0.11427503351,0.114964761626,0.116000727759,0.116632749538,0.11716859409,0.11758902597,0.118671706756,0.11935593903,0.120284736254,0.120944237241,0.121507561,0.122373156046,0.123073875844,0.12365918297,0.124722628311,0.125621198406,0.126354893254,0.127476044932,0.128014637405,0.128792298985,0.129545229278,0.130507001551,0.131213217191,0.13205408095,0.133103786687,0.134079298564,0.13491466648,0.135609890437,0.136486477166,0.137401534785,0.138363307058,0.139347062697,0.140303339128,0.141660811992,0.142556634166,0.143364522875,0.144422472375,0.145700255537,0.147148409788,0.148198115525,0.149286292154,0.149959532745,0.151130146996,0.151965514913,0.152987741443,0.154180339061,0.15481236084,0.15544713054,0.156263263011,0.157617987955,0.158697920821,0.160179050121,0.16144309368,0.162696145555,0.164158039409,0.165336897423,0.166955422762,0.168334878993,0.169648385125,0.170788772249,0.172030832441,0.173028327683,0.174006587481,0.175223916386,0.176147217767,0.177650330433,0.178653321518,0.179771725275,0.180903868636,0.182423468826,0.183819412582,0.185042237329,0.186520618708,0.187795653949,0.188985503646,0.190249547204,0.191612515911,0.193038686795,0.194426386788,0.195022685597,0.195731649158,0.19661922757,0.19739414123,0.198515292907,0.199523779833,0.200507535472,0.201897983386,0.203013639222,0.204090824168,0.20572034119,0.20706132653,0.208352849296,0.209534455231,0.210946886511,