# R script for Peak Model
#  -- generated by MACS
p <- c(0.0398576286986,0.0463213922772,0.0532300029842,0.059912820073,0.0666225975938,0.0668888318601,0.0670303741282,0.0670876650463,0.0671281056943,0.0669697131562,0.0671618062344,0.0674010800686,0.0671045153163,0.0671887666664,0.0672696479625,0.0670034136962,0.0670034136962,0.0666124874318,0.0665383462437,0.0664372446236,0.0661440499253,0.0661743804114,0.0660159878732,0.065803674471,0.0657261632289,0.0657430134989,0.0654127482066,0.0656857225809,0.0657025728509,0.0659991376032,0.0659654370631,0.065830634903,0.065837375011,0.0662384114374,0.0662653718695,0.0662384114374,0.0665653066758,0.0663294028955,0.0662013408434,0.0660699087373,0.0662957023555,0.0663260328415,0.0665551965137,0.0662990724095,0.0660732787913,0.0661912306814,0.0659047760911,0.0660429483052,0.0660496884132,0.0661036092773,0.065834004957,0.065790194255,0.0657463835529,0.0654902594487,0.0654868893947,0.0655576605287,0.065813784633,0.0660699087373,0.0662653718695,0.0660867590073,0.0663732135976,0.0662249312214,0.0663024424635,0.0663631034356,0.0664709451637,0.0662518916534,0.0660496884132,0.0659081461451,0.0659452167391,0.0662080809514,0.0660800188993,0.0663597333815,0.0663900638676,0.06678773024,0.0668618714281,0.0671045153163,0.0673437891505,0.0672460575844,0.066831540942,0.0667506596459,0.0668820917521,0.0668551313201,0.0664237644076,0.0661305697093,0.0661137194393,0.0659485867931,0.0661204595473,0.0662721119775,0.0666091173778,0.0665282360817,0.0664675751097,0.0665214959737,0.0669933035342,0.0672662779085,0.0673134586645,0.0673606394206,0.0674988116347,0.067761675847,0.067829076927,0.0680312801672,0.0680177999512,0.0681391218954,0.0680481304373,0.0679739892492,0.0679942095732,0.0682975144335,0.0680919411393,0.067761675847,0.0677010148749,0.0677347154149,0.0677347154149,0.067808856603,0.0676403539029,0.0676673143349,0.0676403539029,0.0675796929308,0.0678863678451,0.0682772941095,0.0684457968097,0.0683446951896,0.0684929775657,0.0684896075117,0.0691501380964,0.0690557765843,0.0693152707426,0.0689243444782,0.0685940791858,0.0684019861076,0.0683278449196,0.0685603786458,0.0686581102119,0.068759211832,0.0682435935695,0.0681290117333,0.0680211700052,0.0684727572417,0.0684019861076,0.0682671839475,0.0681627122734,0.0682503336775,0.0679773593032,0.0679166983311,0.0681290117333,0.0682570737855,0.0684794973497,0.0684188363776,0.0688839038301,0.0691029573403,0.0693321210126,0.0691737284744,0.0692916803645,0.0690625166923,0.0690456664223,0.0691770985284,0.0689580450182,0.0688468332361,0.0686682203739,0.0683716556216,0.0684693871877,0.0687120310759,0.0689176043702,0.0693725616606,0.0694905135507,0.0695781349548,0.0696118354949,0.069716307169,0.0696219456569,0.0698477392751,0.069753377763,0.0696657563589,0.069773598087,0.0695208440368,0.0694938836047,0.0695478044688,0.069750007709,0.0699016601392,0.0700128719213,0.0701645243514,0.0703936880237,0.0703667275916,0.0703229168896,0.0702083350535,0.0702049649995,0.0702150751615,0.0703195468356,0.0704004281317,0.0703869479156,0.0701712644594,0.0699993917053,0.0698612194911,0.069800558519,0.0700095018673,0.0701914847834,0.0702824762415,0.0701375639194,0.0702757361335,0.0703229168896,0.0703262869436,0.0706060014259,0.0708183148281,0.0708924560162,0.0709767073662,0.0710070378523,0.0710980293104,0.0712463116865,0.0710036677983,0.0713305630366,0.0715024357908,0.0714518849807,0.0716069074649,0.071667568437,0.0718327010831,0.0718327010831,0.0718529214071,0.0718832518932,0.0723786498317,0.0724629011818,0.0727695760961,0.0729852595523,0.0729515590123,0.0731942029005,0.0731807226845,0.0731605023605,0.0732413836566,0.0731706125225,0.0731605023605,0.0731706125225,0.0728302370681,0.0728167568521,0.0730762510104,0.0731166916584,0.0729818894983,0.0732144232245,0.0733694457087,0.073699711001,0.0736255698129,0.0736019794349,0.0740266062394,0.0741411880755,0.0743366512077,0.0743602415857,0.0748691197402,0.0750848031964,0.0750645828724,0.0749870716303,0.0750140320624,0.0750443625484,0.0753004866526,0.0754352888128,0.0752566759506,0.0755026898929,0.0753712577867,0.0751757946545,0.0754487690288,0.0755633508649,0.0757082631871,0.0760722290194,0.0762474718276,0.0762845424217,0.0764901157159,0.0763283531237,0.07661143766,0.0771270559225,0.0769450730063,0.0772146773266,0.0775045019709,0.0773629597027,0.0770596548424,0.0770562847884,0.0773932901888,0.0777673661832,0.0777943266152,0.0779089084513,0.0784582272539,0.0785188882259,0.078626729954,0.0788491535183,0.0788424134103,0.0789805856244,0.0789367749223,0.0791591984866,0.0791693086486,0.0790682070285,0.0791490883246,0.0795197942649,0.079580455237,0.0797725483152,0.0804701494939,0.0806790928421,0.0809217367304,0.0810194682965,0.081565417045,0.081541826667,0.0817069593132,0.0817136994212,0.0818215411493,0.0824214107619,0.0826168738941,0.0831459723726,0.0834560173409,0.0840221864135,0.0846321661881,0.0855757813091,0.086404814594,0.0872709184728,0.0885616491561,0.089397422549,0.0901152440517,0.0906915232863,0.0916688389473,0.0920665053197,0.0924574315841,0.0928786883345,0.0930876316828,0.0937751226995,0.0936773911334,0.0936773911334,0.0937178317814,0.0940851676678,0.0944828340402,0.0947591784685,0.0953556780271,0.0951838052729,0.095268056623,0.0948906105746,0.0951164041928,0.095335457703,0.0957297540214,0.0959723979097,0.0958645561816,0.0959791380177,0.0957398641835,0.0961981915279,0.0963734343361,0.0967374001685,0.0969429734627,0.0965520471983,0.0967879509785,0.0969328633007,0.0966834793044,0.0970070044887,0.0972024676209,0.0971182162709,0.0974248911852,0.0977618965855,0.0977383062075,0.0984797180882,0.0987796528945,0.0984561277102,0.0987088817605,0.0988773844606,0.0988706443526,0.0994401834792,0.0994907342893,0.099261570617,0.0996187963414,0.0996693471515,0.0994839941813,0.0999389514717,0.100067013524,0.100174855252,0.100110824226,0.100026572876,0.0999322113637,0.0999355814177,0.0998075193656,0.0998075193656,0.1000467932,0.100208555792,0.10053545103,0.100771354811,0.101098250049,0.101428515341,0.101613868311,0.101711599878,0.101731820202,0.101809331444,0.102233958248,0.102314839544,0.102257548626,0.102213737924,0.102318209598,0.102183407438,0.10254737327,0.102965259967,0.103403366987,0.103460657905,0.103130392613,0.103150612937,0.103612310335,0.103888654764,0.103976276168,0.104286321136,0.104249250542,0.104161629138,0.104495264484,0.104613216374,0.104926631397,0.105192865663,0.105246786527,0.105108614313,0.104845750101,0.104630066645,0.104761498751,0.105004142639,0.104643546861,0.105017622855,0.105058063503,0.105020992909,0.104788459183,0.104774978967,0.105223196149,0.105489430415,0.105253526635,0.105539981225,0.105725334196,0.105698373764,0.105927537436,0.106021898948,0.106149961,0.106362274402,0.106524036994,0.106999214609,0.107390140873,0.107164347255,0.107406991143,0.107450801845,0.107258708767,0.107551903465,0.108006860756,0.108016970918,0.108064151674,0.107922609406,0.108259614806,0.108576399883,0.108637060855,0.108869594581,0.109007766795,0.108960586039,0.109172899441,0.109661557272,0.109536865273,0.109641336948,0.10955034549,0.109324551871,0.109604266354,0.109557085598,0.109678407542,0.10988735089,0.109260520845,0.108967326147,0.109563825706,0.109462724085,0.109698627866,0.109907571214,0.109732328406,0.109644707002,0.109624486678,0.109627856732,0.110015412942,0.10998845251,0.10981994981,0.110079443968,0.11002215305,0.110247946668,0.109948011862,0.10968514765,0.109941271754,0.110018782996,0.110183915642,0.110386118882,0.109796359432,0.109948011862,0.10978624927,0.109826689918,0.11020750602,0.110507440826,0.110349048288,0.110298497478,0.110065963752,0.109985082456,0.110729864391,0.110396229044,0.110200765912,0.11020750602,0.110436669692,0.110551251529,0.110311977694,0.110399599098,0.110406339206,0.11039285899,0.11025805683,0.110372638666,0.111039909359,0.111103940385,0.110733234445,0.110750084715,0.110871406659,0.110999468711,0.110750084715,0.110672573473,0.110753454769,0.110878146767,0.110739974553,0.110288387316,0.110547881475,0.110527661151,0.110672573473,