# R script for Peak Model
#  -- generated by MACS
p <- c(0.00626870817596,0.00783588521995,0.00783588521995,0.00940306226394,0.0109702393079,0.0141045933959,0.0141045933959,0.0141045933959,0.0172389474839,0.0203733015719,0.0156717704399,0.0141045933959,0.0156717704399,0.0141045933959,0.0125374163519,0.0109702393079,0.00940306226394,0.00940306226394,0.00783588521995,0.00626870817596,0.00626870817596,0.00626870817596,0.00626870817596,0.00783588521995,0.00783588521995,0.00783588521995,0.00783588521995,0.00783588521995,0.00783588521995,0.00626870817596,0.00940306226394,0.0125374163519,0.0109702393079,0.0125374163519,0.0125374163519,0.0109702393079,0.0109702393079,0.0109702393079,0.00940306226394,0.0109702393079,0.00783588521995,0.00470153113197,0.00470153113197,0.00156717704399,0.00313435408798,0.00470153113197,0.00626870817596,0.00626870817596,0.00783588521995,0.00783588521995,0.00940306226394,0.0109702393079,0.0109702393079,0.0125374163519,0.0125374163519,0.0109702393079,0.00940306226394,0.00940306226394,0.00783588521995,0.00626870817596,0.00626870817596,0.00470153113197,0.00470153113197,0.00313435408798,0.00313435408798,0.00313435408798,0.00626870817596,0.00626870817596,0.00783588521995,0.00940306226394,0.00783588521995,0.00783588521995,0.00783588521995,0.00940306226394,0.00783588521995,0.00940306226394,0.00626870817596,0.00626870817596,0.00470153113197,0.00313435408798,0.00470153113197,0.00470153113197,0.00626870817596,0.00470153113197,0.00470153113197,0.00313435408798,0.00626870817596,0.00626870817596,0.00940306226394,0.00940306226394,0.00783588521995,0.00940306226394,0.00783588521995,0.00783588521995,0.00783588521995,0.00940306226394,0.00626870817596,0.00626870817596,0.00313435408798,0.00313435408798,0.00313435408798,0.00313435408798,0.00313435408798,0.00313435408798,0.00313435408798,0.00156717704399,0.00156717704399,0.00156717704399,0.00313435408798,0.00313435408798,0.00313435408798,0.00156717704399,0.00313435408798,0.00313435408798,0.00313435408798,0.00313435408798,0.00313435408798,0.00626870817596,0.00470153113197,0.00470153113197,0.00470153113197,0.00626870817596,0.00470153113197,0.00470153113197,0.00470153113197,0.00626870817596,0.00626870817596,0.00313435408798,0.00470153113197,0.00470153113197,0.00470153113197,0.00313435408798,0.00313435408798,0.00470153113197,0.00626870817596,0.00626870817596,0.00626870817596,0.00626870817596,0.00470153113197,0.00626870817596,0.00626870817596,0.00626870817596,0.00783588521995,0.00626870817596,0.00470153113197,0.00313435408798,0.00313435408798,0.00313435408798,0.00470153113197,0.00313435408798,0.00626870817596,0.00626870817596,0.00470153113197,0.00470153113197,0.00470153113197,0.00470153113197,0.00470153113197,0.00626870817596,0.00470153113197,0.00470153113197,0.00313435408798,0.00313435408798,0.00313435408798,0.00313435408798,0.00313435408798,0.00313435408798,0.00626870817596,0.00470153113197,0.00470153113197,0.00470153113197,0.00313435408798,0.00313435408798,0.00313435408798,0.00313435408798,0.00313435408798,0.00626870817596,0.00470153113197,0.00626870817596,0.00626870817596,0.00626870817596,0.00626870817596,0.00783588521995,0.00783588521995,0.00783588521995,0.00783588521995,0.00470153113197,0.00626870817596,0.00626870817596,0.00626870817596,0.00626870817596,0.00626870817596,0.00470153113197,0.00470153113197,0.00470153113197,0.00626870817596,0.00783588521995,0.00470153113197,0.00313435408798,0.00313435408798,0.00313435408798,0.00470153113197,0.00470153113197,0.00470153113197,0.00470153113197,0.00313435408798,0.00156717704399,0.00156717704399,0.00313435408798,0.00626870817596,0.00626870817596,0.00470153113197,0.00470153113197,0.00470153113197,0.00470153113197,0.00470153113197,0.00626870817596,0.00626870817596,0.00470153113197,0.00156717704399,0.00156717704399,0.00156717704399,0.00313435408798,0.00313435408798,0.00470153113197,0.00626870817596,0.00470153113197,0.00626870817596,0.00626870817596,0.00626870817596,0.00626870817596,0.00626870817596,0.00470153113197,0.00470153113197,0.00313435408798,0.00156717704399,0.00313435408798,0.00156717704399,0.00156717704399,0.00156717704399,0.00313435408798,0.00313435408798,0.00313435408798,0.00470153113197,0.00470153113197,0.00470153113197,0.00470153113197,0.00470153113197,0.00470153113197,0.00470153113197,0.00313435408798,0.00313435408798,0.00313435408798,0.00470153113197,0.00470153113197,0.00626870817596,0.00470153113197,0.00470153113197,0.00626870817596,0.00783588521995,0.00940306226394,0.00940306226394,0.00940306226394,0.00626870817596,0.00783588521995,0.00940306226394,0.0109702393079,0.0125374163519,0.0125374163519,0.0109702393079,0.0109702393079,0.0109702393079,0.0109702393079,0.0109702393079,0.00940306226394,0.00626870817596,0.00470153113197,0.00313435408798,0.00313435408798,0.00470153113197,0.00313435408798,0.00313435408798,0.00470153113197,0.00470153113197,0.00626870817596,0.00783588521995,0.00783588521995,0.00783588521995,0.00626870817596,0.00626870817596,0.00626870817596,0.00626870817596,0.00783588521995,0.00783588521995,0.00783588521995,0.00783588521995,0.00783588521995,0.00783588521995,0.0125374163519,0.0109702393079,0.0125374163519,0.0266420097478,0.0626870817596,0.0846275603755,0.100299330815,0.144180288047,0.166120766663,0.189628422323,0.211568900939,0.233509379555,0.25544985817,0.277390336786,0.27112162861,0.267987274522,0.282091867918,0.264852920434,0.272688805654,0.282091867918,0.275823159742,0.288360576094,0.296196461314,0.300897992446,0.296196461314,0.297763638358,0.289927753138,0.283659044962,0.272688805654,0.261718566346,0.267987274522,0.264852920434,0.257017035214,0.227240671379,0.227240671379,0.222539140247,0.219404786159,0.227240671379,0.227240671379,0.247613972951,0.236643733643,0.227240671379,0.231942202511,0.239778087731,0.247613972951,0.25544985817,0.27112162861,0.269554451566,0.283659044962,0.274255982698,0.277390336786,0.285226222006,0.283659044962,0.288360576094,0.27895751383,0.282091867918,0.269554451566,0.257017035214,0.25544985817,0.247613972951,0.25544985817,0.249181149995,0.247613972951,0.252315504082,0.242912441819,0.246046795907,0.247613972951,0.257017035214,0.258584212258,0.258584212258,0.258584212258,0.264852920434,0.266420097478,0.257017035214,0.269554451566,0.267987274522,0.267987274522,0.264852920434,0.252315504082,0.253882681126,0.258584212258,0.253882681126,0.260151389302,0.27895751383,0.283659044962,0.285226222006,0.293062107226,0.305599523578,0.305599523578,0.299330815402,0.293062107226,0.29462928427,0.283659044962,0.26328574339,0.261718566346,0.257017035214,0.252315504082,0.247613972951,0.252315504082,0.250748327039,0.264852920434,0.272688805654,0.280524690874,0.30246516949,0.304032346534,0.300897992446,0.305599523578,0.311868231754,0.322838471062,0.33380871037,0.315002585842,0.30246516949,0.30246516949,0.291494930182,0.288360576094,0.29462928427,0.308733877666,0.316569762886,0.311868231754,0.308733877666,0.319704116974,0.32597282515,0.313435408798,0.329107179238,0.319704116974,0.321271294018,0.296196461314,0.293062107226,0.289927753138,0.289927753138,0.291494930182,0.288360576094,0.305599523578,0.288360576094,0.300897992446,0.305599523578,0.321271294018,0.304032346534,0.315002585842,0.332241533326,0.324405648106,0.338510241502,0.336943064458,0.338510241502,0.330674356282,0.32597282515,0.324405648106,0.33380871037,0.31813693993,0.300897992446,0.30246516949,0.316569762886,0.313435408798,0.327540002194,0.327540002194,0.324405648106,0.321271294018,0.31030105471,0.313435408798,0.329107179238,0.344778949678,0.31030105471,0.307166700622,0.296196461314,0.288360576094,0.29462928427,0.293062107226,0.316569762886,0.32597282515,0.31030105471,0.297763638358,0.307166700622,0.32597282515,0.330674356282,0.340077418546,0.338510241502,0.330674356282,0.321271294018,0.316569762886,0.324405648106,0.311868231754,0.316569762886,0.28679339905,0.300897992446,0.308733877666,0.31813693993,0.316569762886,0.304032346534,0.304032346534,0.30246516949,0.329107179238,0.33380871037,0.338510241502,0.315002585842,0.321271294018,0.313435408798,