# R script for Peak Model
#  -- generated by MACS
p <- c(0.0406506212106,0.047443754921,0.0540841624403,0.0606863884118,0.0674127044137,0.0676895206351,0.0674763403266,0.0674317951876,0.0674222498006,0.0673108869529,0.0672122512878,0.0670722522792,0.0670690704836,0.0668908899272,0.0671931605139,0.0667763452839,0.067110433827,0.067345886705,0.067119979214,0.0672090694921,0.0670404343227,0.0669417986576,0.066992707388,0.0671804333313,0.0669163442924,0.067301341566,0.0671358881922,0.0669163442924,0.0670817976662,0.0670499797097,0.0673236141355,0.0675749759918,0.067654520883,0.0677277021829,0.0675049764875,0.0673236141355,0.0674349769832,0.0675049764875,0.0675177036701,0.0673808864572,0.0673522502963,0.0673331595224,0.0673967954354,0.067473158531,0.067718156796,0.067600430357,0.0676513390873,0.0674954311005,0.0674667949397,0.067291796179,0.0672345238573,0.0670499797097,0.0667254365535,0.0669195260881,0.0669258896794,0.0666618006405,0.0664645293103,0.0666586188449,0.0665058926537,0.066820890423,0.0666554370492,0.0668495265838,0.0669577076359,0.0668463447882,0.0670054345706,0.0671581607618,0.06717406974,0.0673808864572,0.0674349769832,0.0674031590267,0.0677467929568,0.067600430357,0.0677308839786,0.0677277021829,0.0675845213787,0.067899519148,0.0676640662699,0.0674604313484,0.0676577026786,0.0673967954354,0.0670086163663,0.0666840732101,0.0666077101145,0.0665090744494,0.0664549839233,0.0664995290624,0.0668304358099,0.0667158911666,0.0662990759365,0.0663245303017,0.0667795270795,0.0671677061487,0.0671358881922,0.0671708879443,0.0673395231137,0.0673713410702,0.0673713410702,0.0676608844743,0.0682017897346,0.068189062552,0.0678486104176,0.0677817927089,0.0679058827392,0.0676354301091,0.0676577026786,0.0671677061487,0.0672217966747,0.0671804333313,0.066747709123,0.0667158911666,0.0670308889358,0.0674317951876,0.0675177036701,0.0677945198915,0.0675527034222,0.0678645193958,0.067889973761,0.0676513390873,0.0678708829871,0.0677881563002,0.0676417937004,0.0676831570438,0.067654520883,0.0674667949397,0.0676513390873,0.0676067939483,0.0676990660221,0.0676290665178,0.0680077002,0.0684404244083,0.0687745129514,0.0686376957385,0.0686122413733,0.0687554221775,0.0687745129514,0.068904966573,0.0690099658294,0.0693281453943,0.0692199643423,0.069512689542,0.0694681444029,0.0695190531333,0.0696272341853,0.0694458718333,0.0697672331939,0.0700217768458,0.0699263229763,0.0697958693547,0.069620870594,0.069449053629,0.0690704199468,0.0690131476251,0.068959057099,0.0692231461379,0.0686281503516,0.0680936086825,0.0681986079389,0.0682367894867,0.0683099707867,0.0683926974735,0.068669513695,0.0685995141907,0.0685645144386,0.0687013316515,0.068904966573,0.0693376907813,0.0694108720812,0.069503144155,0.0695795072506,0.06933132719,0.06925814589,0.0694140538768,0.0695858708419,0.0697131426678,0.0700854127588,0.0700885945544,0.0700854127588,0.0704258648932,0.070518136967,0.0707726806189,0.0708490437145,0.0709031342405,0.070826771145,0.0709572247666,0.0708617708971,0.0709699519492,0.0710749512056,0.0710017699056,0.0712754043315,0.0711608596881,0.0715585841442,0.0715617659399,0.0718990362786,0.0717335829049,0.0719658539873,0.0718449457526,0.0719785811699,0.0720740350393,0.0718831273004,0.0720549442654,0.0718449457526,0.0721249437697,0.0724335779477,0.0725449407954,0.072430396152,0.0725958495258,0.0726213038909,0.0727581211039,0.072910847295,0.0732226632686,0.0734326617814,0.0733562986858,0.0732258450642,0.0733849348467,0.0732862991816,0.0733690258684,0.0733849348467,0.0735249338552,0.0733340261163,0.0731590273556,0.0730126647558,0.0730858460557,0.0729872103906,0.0729713014123,0.0734581161466,0.0736235695204,0.07349947949,0.0730126647558,0.0732003906991,0.0732067542903,0.073680841842,0.0739322036983,0.074224928898,0.0745081087108,0.074460381776,0.0745176540977,0.0748390154582,0.0751635586144,0.0753703753316,0.075593101027,0.0753544663534,0.0752462853013,0.0752462853013,0.0754053750838,0.0754531020185,0.0757299182399,0.0754817381793,0.0756471915531,0.0757935541529,0.0760417342135,0.0762580963177,0.0765603669043,0.076671729752,0.0767321838694,0.0766303664086,0.0766876387303,0.0770821813907,0.0769676367474,0.0768371831258,0.0770312726604,0.0772380893775,0.0771871806471,0.0775530871468,0.0774194517295,0.077804449003,0.0778267215726,0.0776899043597,0.0782435368026,0.0784376263372,0.0784471717241,0.0787239879456,0.0787526241064,0.0785394437979,0.0789403500497,0.0789403500497,0.0792044390886,0.0794494373535,0.0793858014406,0.07948125531,0.079373074258,0.0793444380971,0.0796753448446,0.0797644351228,0.0798885251531,0.080270340631,0.0799776154313,0.0800826146877,0.0801239780311,0.0804071578439,0.0808748818042,0.0809957900389,0.081212152143,0.0815685132557,0.0815876040296,0.0817816935642,0.0820394190118,0.082526233746,0.0827235050763,0.083251683154,0.0835794081058,0.0840375866793,0.0849062168914,0.0851734877259,0.0858830281556,0.0866212047462,0.0875343800974,0.0881866482055,0.0892398225653,0.0896725467735,0.0902961787207,0.0907798116593,0.0908052660245,0.0912729899849,0.0916611690541,0.0916548054628,0.0918075316539,0.0921225294232,0.0924216182142,0.0927366159834,0.0926125259531,0.0929211601311,0.0932425214916,0.0938470626649,0.0939425165344,0.094543875912,0.0951070537419,0.0953997789416,0.095323415846,0.0955620505197,0.0960011383192,0.0962556819711,0.0964624986883,0.096274772745,0.0966024976969,0.0966979515663,0.0972197660527,0.0972579476005,0.0977129443783,0.0978052164521,0.0980852144693,0.0980661236954,0.0980724872867,0.0982061227039,0.0983970304428,0.0982188498865,0.0979102157086,0.0981424867909,0.0981552139735,0.0983302127342,0.0983938486472,0.098667483073,0.098794754899,0.0989888444335,0.0990874800987,0.099147934216,0.0989474810901,0.0988011184903,0.0988902087684,0.0989792990466,0.099202024742,0.0989538446814,0.0992815696332,0.0996252035633,0.0997938387327,0.0997524753893,0.100182017802,0.100684741514,0.100719741267,0.100707014084,0.10071019588,0.101047466218,0.101063375197,0.100904285414,0.100757922814,0.101305191666,0.101416554514,0.101139738292,0.101197010614,0.101391100148,0.10130200987,0.101286100892,0.101419736309,0.101677461757,0.101795188196,0.101604280457,0.101626553027,0.10174109767,0.101976550548,0.102202458039,0.102348820639,0.102619273269,0.102622455065,0.10294063463,0.103191996486,0.103704265585,0.104019263354,0.104200625706,0.10414653518,0.10414653518,0.10419108032,0.10419108032,0.104429714993,0.104506078089,0.104401078832,0.104273807006,0.104194262115,0.10421971648,0.104346988306,0.104318352145,0.104601531958,0.104779712515,0.104652440689,0.104798803288,0.105005620006,0.104989711027,0.104922893319,0.105320617775,0.105743796596,0.105915613561,0.105896522787,0.106233793126,0.106386519317,0.106271974674,0.106268792878,0.106491518574,0.106870152256,0.106612426808,0.106520154735,0.106726971452,0.106835152504,0.106685608108,0.106787425569,0.107032423834,0.107309240055,0.107293331077,0.107239240551,0.107248785938,0.107547874729,0.107621056029,0.107872417885,0.108069689216,0.108072871011,0.107802418381,0.107640146803,0.107675146555,0.107687873738,0.108041053055,0.107929690207,0.107687873738,0.10799332612,0.107853327111,0.107741964264,0.108152415902,0.108282869524,0.108200142837,0.108107870763,0.107646510394,0.107426966494,0.107697419125,0.107401512129,0.10762741962,0.108158779494,0.107958326368,0.108123779742,0.108247869772,0.108505595219,0.108683775776,0.108791956828,0.108524685993,0.108820592989,0.108394232372,0.108060143829,0.108279687728,0.107999689711,0.108012416894,0.107716509899,0.107891508659,0.10797105355,0.108209688224,0.107904235842,0.108168324881,0.108069689216,0.107910599433,0.107974235346,0.107850145316,0.108219233611,0.10835923262,0.108219233611,0.107888326864,0.107881963272,0.108149234107,0.108518322402,0.108301960298,0.108107870763,0.108292414911,0.108053780237,0.107916963024,0.107977417142,0.108270142341,0.108091961785,0.108053780237,0.107729237081,0.107891508659,0.108069689216,0.107936053798,0.108216051815,0.108114234355,0.108324232867,0.108181052063,0.108413323146,