# R script for Peak Model
#  -- generated by MACS
p <- c(0.0469157745548,0.0549102363225,0.0624395031166,0.0700376876846,0.0777794509482,0.077785194096,0.0776703311396,0.0776818174352,0.077687560583,0.0774118894876,0.0771879067225,0.0771362183922,0.0779517453828,0.0778426255742,0.0775669544788,0.0780149200089,0.0782733616608,0.0780780946349,0.0780034337132,0.0784111972086,0.078945309956,0.0790946317993,0.078589234791,0.0786122073823,0.0789280805125,0.0789051079212,0.0785318033128,0.0789165942169,0.079106118095,0.0784916012781,0.0781355261131,0.0779804611219,0.0778196529829,0.0782101870348,0.0781297829653,0.0778311392786,0.0781010672262,0.0776760742874,0.0775152661484,0.0779000570524,0.07772201947,0.0778598550177,0.0780493788958,0.0782216733304,0.0784341697998,0.0784628855389,0.0780953240784,0.0776645879917,0.0778943139046,0.0775497250353,0.0777047900265,0.0773429717137,0.0770902732096,0.0764470406536,0.0761771127059,0.0756544862542,0.0758727258714,0.0763551502884,0.0760048182713,0.0761885990016,0.0761024517843,0.0760105614191,0.0759933319757,0.0764872426883,0.0765733899056,0.0771132458009,0.0771017595052,0.0771304752443,0.0772223656095,0.0774578346702,0.0774808072615,0.0775784407744,0.0775037798527,0.077365944305,0.0773544580094,0.0770673006183,0.0773774306007,0.0775095230006,0.0776014133657,0.0772166224617,0.0772912833833,0.0775324955918,0.0781240398175,0.0785432896085,0.0787213271909,0.0788361901474,0.078847676443,0.0789051079212,0.0791290906863,0.0794105049295,0.0795023952947,0.0795598267729,0.0794679364077,0.0788821353299,0.0788706490343,0.0795425973294,0.0792784125296,0.0792152379036,0.0792554399383,0.0793875323382,0.0789395668081,0.0790257140255,0.0789567962516,0.0790199708776,0.0787902449648,0.0783595088782,0.0780666083393,0.0779115433481,0.0777622215047,0.0774176326354,0.0777909372438,0.0778139098351,0.0775784407744,0.0777449920612,0.078204443887,0.0779804611219,0.0784743718346,0.078784501817,0.0787787586691,0.0793990186339,0.0792439536427,0.0789797688429,0.0793817891904,0.0790831455037,0.0789625393994,0.079266926234,0.0790659160602,0.0791118612428,0.0791003749471,0.0789740256951,0.0790429434689,0.0791750358688,0.0791233475384,0.0794679364077,0.0793588165991,0.0792496967905,0.079490908999,0.0792726693818,0.0794966521468,0.0790831455037,0.0791003749471,0.0791578064254,0.079106118095,0.0794736795556,0.0792209810514,0.0791520632775,0.0787615292257,0.0788821353299,0.0789223373647,0.0790544297646,0.0791176043906,0.0789567962516,0.0788993647734,0.0783193068434,0.0783480225825,0.0785030875737,0.0788878784777,0.0787615292257,0.0789797688429,0.0791176043906,0.0788304469995,0.0788821353299,0.0792037516079,0.0796976623206,0.0798642136074,0.0798354978683,0.0797436075032,0.0796402308424,0.0793358440078,0.0790544297646,0.0791578064254,0.078784501817,0.0785030875737,0.0784111972086,0.0783709951738,0.0781470124088,0.078428426652,0.0789165942169,0.07875004293,0.0789969982864,0.079106118095,0.0793703028948,0.079266926234,0.0792784125296,0.0794621932599,0.0792554399383,0.0792152379036,0.0792784125296,0.0793990186339,0.0793473303035,0.0793415871557,0.0791520632775,0.0790429434689,0.078784501817,0.0786638957127,0.079106118095,0.0785834916432,0.0781125535218,0.0780493788958,0.078169985,0.0782503890695,0.0786294368258,0.0789051079212,0.0788993647734,0.0791635495732,0.0791290906863,0.0795253678859,0.0797608369466,0.0797034054684,0.0796976623206,0.0795827993642,0.0795942856598,0.0794621932599,0.079588542512,0.0792956419731,0.079008484582,0.0785490327563,0.0788763921821,0.0791233475384,0.0787959881126,0.0785949779388,0.0781470124088,0.0780953240784,0.0778770844611,0.0778770844611,0.0783365362869,0.0787040977475,0.0781010672262,0.0781010672262,0.07875004293,0.0791118612428,0.0793358440078,0.0793990186339,0.0795770562163,0.079588542512,0.0791578064254,0.0789223373647,0.0788649058865,0.078686868304,0.078428426652,0.0783365362869,0.078686868304,0.0785834916432,0.0786351799736,0.0788649058865,0.0789567962516,0.0791348338341,0.0792267241992,0.0789338236603,0.0784341697998,0.0786294368258,0.0784571423911,0.0788247038517,0.0788304469995,0.0786638957127,0.0787959881126,0.0788763921821,0.0790429434689,0.0791750358688,0.0797436075032,0.0795540836251,0.0789510531038,0.0785777484954,0.0784571423911,0.0782963342521,0.0780493788958,0.0775382387397,0.0775037798527,0.0774808072615,0.0772395950529,0.0773946600441,0.0779230296437,0.0782618753652,0.0783767383216,0.0785720053476,0.0791980084601,0.0796689465815,0.0800479943377,0.0804442715374,0.0807371720763,0.0809381822501,0.0811736513108,0.0806739974503,0.0808807507719,0.0816043873974,0.0812770279715,0.0811391924238,0.080909466511,0.0805591344938,0.0805131893113,0.0805361619026,0.0804729872765,0.0806912268937,0.0802490045115,0.0791980084601,0.0792956419731,0.0794162480773,0.0793071282687,0.0799503608247,0.0798527273118,0.0799848197117,0.0802604908071,0.0808922370675,0.0815814148061,0.0829023388051,0.0838442150478,0.0845850811168,0.0853489197771,0.0859117482636,0.08660666915,0.0869512580193,0.0873992235494,0.0880367129576,0.0884387333051,0.0882664388705,0.0878644185229,0.0880481992532,0.0881688053575,0.0882377231313,0.0889441303134,0.0893920958435,0.0897022258259,0.0895069587999,0.0895873628694,0.0892944623305,0.0895184450956,0.0892025719654,0.0889613597569,0.0889613597569,0.0884157607138,0.0880309698098,0.0875887474275,0.0873992235494,0.0876576652014,0.0881228601749,0.0882319799835,0.0885880551485,0.0885765688528,0.0884387333051,0.0885363668181,0.0889843323482,0.0894552704695,0.0895873628694,0.0893231780696,0.0892657465914,0.0890647364177,0.0892657465914,0.0897481710084,0.0899721537735,0.0898974928518,0.0893231780696,0.0891049384524,0.0891393973393,0.0892829760349,0.089409325287,0.0891164247481,0.0887431201396,0.088473192192,0.0881286033227,0.088088401288,0.0885248805224,0.0887144044005,0.0887603495831,0.0890475069742,0.0887660927309,0.0891910856697,0.0893174349218,0.089472499913,0.0899434380344,0.0902420817211,0.0902593111646,0.0903914035645,0.0902880269037,0.0900985030255,0.0902650543124,0.0902593111646,0.0902822837558,0.0904201193036,0.0899664106257,0.0897079689737,0.0896792532346,0.0889269008699,0.0890589932698,0.0886742023658,0.0888694693917,0.0888752125395,0.0890417638264,0.0892829760349,0.0893346643653,0.0896677669389,0.0896735100867,0.0899606674778,0.089535674539,0.0895873628694,0.0895586471303,0.0893346643653,0.0893059486262,0.0887775790266,0.0881860348009,0.0876289494623,0.0875140865058,0.0876978672361,0.0877208398274,0.0874221961407,0.087284360593,0.0875542885406,0.0876576652014,0.0878357027838,0.0884961647833,0.08879480847,0.0885880551485,0.0886282571832,0.0892657465914,0.089857290817,0.0895931060172,0.0897826298954,0.0894322978782,0.0891795993741,0.0893059486262,0.089214058261,0.0890245343829,0.0893920958435,0.089214058261,0.0889211577221,0.0891968288176,0.0891451404872,0.0892772328871,0.089409325287,0.0891623699306,0.0891623699306,0.0896218217564,0.0890647364177,0.0889154145743,0.0889843323482,0.0887431201396,0.0881917779488,0.0884444764529,0.0883813018269,0.0884387333051,0.0884329901573,0.0886454866267,0.0884904216355,0.0884617058964,0.0884674490442,0.0887833221744,0.0890819658611,0.0886742023658,0.0885133942268,0.0884674490442,0.0886397434789,0.0884674490442,0.088634000331,0.0885478531137,0.0883985312703,0.088410017566,0.0889383871656,0.0894035821391,0.0896505374955,0.0897998593388,0.0900238421039,0.0902995131993,0.0901387050603,0.0903224857906,0.0904890370774,0.0905407254078,0.08995492433,0.0901559345038,0.0905809274426,0.090437348747,0.0904488350427,0.0902363385733,0.0903626878253,0.0901903933907,0.0901214756168,0.0901559345038,0.0901329619125,0.0901616776516,0.0899721537735,0.0902995131993,0.0900410715473,0.0899778969213,0.0903971467123,0.0903626878253,0.090374174121,0.0903167426428,0.0906555883642,0.090115732469,0.0897768867475,0.0900066126604,0.0898113456345,0.0895471608347,0.0893633801044,0.0897654004519,0.0899836400691,0.0895873628694,0.0893404075131,0.0890130480873,0.0893920958435,0.0886225140354,