# R script for Peak Model
#  -- generated by MACS
p <- c(0.0296331965535,0.0347628180856,0.0397035728456,0.0446216635929,0.0495813050301,0.0494566529605,0.049486871644,0.0493811062516,0.0498570505175,0.0503329947833,0.0501025773213,0.0497890584795,0.0498494958466,0.050023253277,0.050091245315,0.0502423387327,0.0502498934036,0.050287666758,0.0499325972263,0.0496492970681,0.0498268318339,0.0497890584795,0.0497437304542,0.0498948238719,0.0498306091694,0.0499779252517,0.0499703705808,0.0499741479162,0.0500799133086,0.0501743466947,0.049887269201,0.0501025773213,0.0501139093276,0.0497172891061,0.0497663944668,0.049520867663,0.0496946250934,0.0500119212707,0.0499325972263,0.0498494958466,0.0502423387327,0.0500270306124,0.0499288198909,0.0499741479162,0.0501516826821,0.0501516826821,0.0499325972263,0.0498759371947,0.0500308079479,0.050091245315,0.0501630146884,0.0502763347517,0.0504312055049,0.0504387601758,0.0504727561948,0.0504123188277,0.0505822989226,0.0505747442517,0.0506276269479,0.0505105295492,0.0504991975429,0.0508316030619,0.0508164937201,0.051088461872,0.0508958177644,0.0513793167012,0.0513528753531,0.0512282232834,0.0510280245049,0.0515077461062,0.0516172888341,0.0512055592708,0.0513339886759,0.0514850820936,0.0515417421252,0.0512282232834,0.0513528753531,0.051360430024,0.0513868713721,0.0511375672328,0.0508013843783,0.0512773286442,0.0514813047581,0.0511111258847,0.0510431338467,0.0511337898974,0.0510582431885,0.0510997938784,0.051522855448,0.0514699727518,0.0516890582075,0.0516550621885,0.0515492967961,0.0519005889924,0.0520063543848,0.0521007877709,0.0523085412202,0.0524105292772,0.0521121197772,0.0523274278975,0.0521687798088,0.0521574478025,0.0518930343215,0.0517306088974,0.0516966128784,0.0517154995556,0.0516172888341,0.0512811059796,0.0515304101189,0.051522855448,0.0516059568278,0.0518968116569,0.0521347837899,0.052255658524,0.052527626676,0.0523198732266,0.052161225138,0.0525880640431,0.0525351813469,0.0526371694038,0.0527655988089,0.052357646581,0.0526636107519,0.0525918413785,0.052459634638,0.0527353801254,0.0529695749228,0.0531055589988,0.053192437714,0.0533926364925,0.0532453204102,0.0531508870241,0.0527995948279,0.0529129148912,0.0529393562393,0.0527127161127,0.0527429347962,0.0523840879291,0.0520554597455,0.0517986009354,0.0519043663278,0.0522518811886,0.0523614239165,0.0520856784291,0.052255658524,0.0523991972709,0.0524029746063,0.0525654000304,0.0529129148912,0.0529015828849,0.0529960162709,0.0528487001887,0.0529922389355,0.0534681832014,0.0533548631381,0.0534190778406,0.0536041672773,0.0536721593153,0.0535777259292,0.0532830937646,0.0532037697203,0.0536381632963,0.0537174873406,0.0536532726381,0.0536721593153,0.0537137100052,0.0536230539546,0.0537514833596,0.0540158968407,0.0544465130812,0.0548846839926,0.0547298132395,0.0549375666889,0.0548809066572,0.0549942267205,0.0550962147775,0.0551226561256,0.0550697734294,0.0553719602648,0.0557459164737,0.0556741471003,0.0557043657839,0.0558063538408,0.0563465128092,0.0565920396131,0.0566978050055,0.0571133119043,0.057366393379,0.0571775266068,0.0570868705562,0.0569206677966,0.0571095345688,0.0571246439106,0.0571397532524,0.0570982025625,0.0570717612144,0.0571586399296,0.057400389398,0.0574872681132,0.0575212641321,0.0579783217208,0.0579103296828,0.0577781229423,0.0575854788347,0.0577101309043,0.0580878644487,0.0580614231006,0.0580009857335,0.0581067511259,0.0582351805309,0.0581369698094,0.0582200711892,0.0583824966132,0.0583371685879,0.0585486993728,0.0583371685879,0.0583371685879,0.0587186794677,0.0588168901892,0.0588962142335,0.0591530730437,0.0596479039868,0.0598783214488,0.0602862736767,0.0602107269678,0.0606904485692,0.0605997925185,0.0604184804172,0.0603693750565,0.0604033710755,0.0604260350881,0.0604411444299,0.0604373670945,0.0605053591324,0.060799991297,0.0603467110438,0.0607962139616,0.0610719594489,0.0612608262211,0.0612608262211,0.0615139076958,0.0614648023351,0.0614950210186,0.061404364968,0.061532794373,0.0619558559427,0.0619520786073,0.0620880626832,0.0623713628415,0.0624657962276,0.0628284204301,0.0628095337529,0.0632250406517,0.0636972075821,0.0634932314682,0.0638445236644,0.064241143886,0.0642335892151,0.064173151848,0.0643393546075,0.0639578437277,0.0645924360822,0.0644451199999,0.0645471080569,0.0650985990316,0.065075935019,0.065136372386,0.0653705671835,0.0657785194114,0.066175139633,0.0666359745571,0.0665453185064,0.0666321972216,0.0665679825191,0.0666359745571,0.06687394669,0.0671534695128,0.0673989963166,0.067606749766,0.0679580419623,0.068041143342,0.0681280220572,0.0684302088927,0.0688721571396,0.0691932306523,0.069412316108,0.0694236481143,0.0695218588358,0.069778717646,0.0697976043232,0.0702168885574,0.0705644034182,0.0711121170575,0.0715465106335,0.0719846815449,0.0723964111083,0.0728232500134,0.0729516794184,0.073083886159,0.0735333890767,0.0738242439059,0.0742246414629,0.0746099296781,0.0748101284566,0.0747950191148,0.0754069474567,0.076083090501,0.0770614203809,0.0779113208556,0.0786403465962,0.0792409429317,0.0797433285457,0.080053070052,0.080691439742,0.0815828909066,0.0819417377737,0.0822061512548,0.0824743420713,0.0827123142042,0.0831089344258,0.0834035665903,0.0840532682866,0.0845896499196,0.0848276220525,0.0850655941854,0.0853564490146,0.0854357730589,0.0859117173248,0.0860892520906,0.0864556536286,0.0865425323438,0.0866407430653,0.0868069458249,0.0872715580844,0.0876870649832,0.0881441225718,0.0884274227301,0.08876738292,0.0894133072808,0.0897494901353,0.0900818956543,0.0902820944328,0.0907315973505,0.0909242414582,0.0910640028696,0.0915928298316,0.0920007820595,0.0921141021228,0.092234976857,0.0924805036608,0.0930206626292,0.0933946188381,0.0940934258952,0.0943805033889,0.0949886543953,0.0950944197877,0.0957856721738,0.096340940484,0.0969528688258,0.0971266262562,0.0973230476993,0.0978858706804,0.0980482961044,0.0983164869209,0.0980634054462,0.098512908364,0.0992041607501,0.0997216557058,0.100035174548,0.100869965681,0.101685870136,0.102044717004,0.102603762649,0.103472549801,0.104481098365,0.10460952777,0.104722847833,0.105002370656,0.105652072352,0.105905153827,0.106211117998,0.106679507593,0.107370759979,0.107540740074,0.108122449732,0.10878726077,0.109504954504,0.109837360023,0.110241534916,0.111159427428,0.112035769251,0.112779904334,0.112923443081,0.113886663619,0.114196405125,0.114902766853,0.115250281714,0.115892428739,0.11641370103,0.116602567802,0.116934973321,0.117240937492,0.118393024803,0.118993621138,0.119613104151,0.120251473841,0.120644316727,0.121513103879,0.121868173411,0.122400777708,0.123129803449,0.123862606525,0.12424789474,0.124648292297,0.125668172867,0.126238550519,0.127235767076,0.127862804759,0.12893179069,0.12944550831,0.130408728848,0.131371949386,0.13183278431,0.132626024753,0.133438151874,0.134016084197,0.134862207336,0.135700775804,0.13634292283,0.13727970202,0.138103161146,0.138798190868,0.139538548615,0.140369562412,0.140622643887,0.142027812672,0.142745506406,0.143497196159,0.143961808419,0.145332981185,0.145997792223,0.146851470033,0.147912901293,0.148691032394,0.150126419863,0.151153855103,0.152339938432,0.15351091242,0.154934967882,0.155852860395,0.156540335446,0.157571548022,0.158693416648,0.159766179914,0.160767173807,0.161201567383,0.161779499706,0.162905145668,0.16403079163,0.164786258718,0.166195204839,0.167252858763,0.168129200586,0.169035761092,0.169893216238,0.17118506496,0.172620452428,0.173583672966,0.174663990903,0.175464786017,0.176439338561,0.177598980542,0.178683075815,0.179612300334,0.180915481062,0.182154447087,0.18298923822,0.184247090923,0.184825023246,0.185867567828,0.186981881784,0.187911106303,0.188927209537,0.190547686442,0.191582676354,0.192738541,0.194408123266,0.195269355747,0.197124027449,0.198714285671,0.199692615551,0.200969354931,0.20215543826,0.203466173659,0.204754245045,0.206185855178,0.207069751672,0.208327604375,0.208954642058,0.210102952033,0.211391023419,0.212244701229,0.213393011204,0.214352454407,0.215191022875,0.215927603287,0.216785058432,0.217623626901,0.218620843458,