# R script for Peak Model
#  -- generated by MACS
p <- c(0.0307879827374,0.0359820834311,0.041058285244,0.0462098113418,0.0516986592376,0.0515119860096,0.0515873102946,0.0518493078075,0.0519475568748,0.0518853324655,0.0519442819059,0.0519442819059,0.0522554039525,0.0524027775535,0.052127680165,0.0522030044499,0.0522226542634,0.0518984323412,0.0522652288592,0.0523045284862,0.0523340032064,0.0523569279888,0.0520982054448,0.0520621807867,0.0520359810354,0.052163704823,0.052458452025,0.0528186986053,0.0526876998488,0.0528121486675,0.0532477195327,0.0533623434446,0.053457317543,0.0533885431959,0.0533197688488,0.0532116948747,0.0528383484188,0.0527630241338,0.0528645481701,0.0527040746934,0.0522423040769,0.0520949304758,0.0520916555069,0.0522128293567,0.0522848786727,0.0523340032064,0.0522324791701,0.0523078034551,0.0525272263722,0.0526745999732,0.0528219735742,0.0529988218954,0.0529103977348,0.0530282966156,0.0532509945016,0.0532706443151,0.0535064420767,0.0531854951234,0.0530643212737,0.0532280697192,0.0532968440664,0.0531494704654,0.0534802423254,0.0533263187866,0.0530806961182,0.0529595222685,0.0530315715845,0.0533983681026,0.0533557935068,0.0532280697192,0.0533132189109,0.0534049180405,0.0533656184135,0.0535555666104,0.0538437638746,0.054089386543,0.0540664617606,0.0542138353616,0.0541876356103,0.0540402620093,0.0540304371026,0.0541024864186,0.0540271621337,0.0538994383461,0.053830663999,0.0537127651181,0.0535457417037,0.0535195419524,0.0536931153047,0.0540959364808,0.0541155862943,0.0541745357347,0.0542989845533,0.0542334851751,0.0542596849264,0.0540533618849,0.0541647108279,0.0541974605171,0.0540926615119,0.0540042373513,0.0540468119471,0.0541090363564,0.0542171103305,0.0546101065999,0.0546166565377,0.054901578833,0.0550948019988,0.0550358525584,0.0552913001335,0.055274925289,0.0551537514392,0.0552945751024,0.0552290757242,0.0552028759729,0.0552258007553,0.0550162027449,0.0549539783356,0.0554190239211,0.0553567995117,0.0549736281491,0.0549507033667,0.0548524542994,0.0549277785843,0.0548393544237,0.0549474283978,0.0553338747294,0.055235625662,0.0548819290196,0.0547443803253,0.0551079018745,0.0552520005066,0.0551210017501,0.0552978500713,0.0552127008796,0.0554353987656,0.055382999263,0.0553011250402,0.0553142249159,0.0555205479573,0.0557825454702,0.056011793294,0.0561886416153,0.0559168191956,0.0559528438536,0.0558775195687,0.0558742445998,0.0565914627914,0.0564342642836,0.0562803407448,0.0561853666464,0.056198466522,0.056457189066,0.0565390632888,0.0567715860815,0.0567093616722,0.0568894849623,0.0565194134753,0.0567814109883,0.0571187327861,0.0573381557032,0.0574036550815,0.0574003801125,0.0576591026566,0.0575903283094,0.0576754775011,0.057790101413,0.0579342000451,0.0582256722782,0.0581143233353,0.0580717487394,0.0581274232109,0.0581830976824,0.0581372481176,0.0582977215943,0.0586022937031,0.0587332924595,0.0590018399103,0.059047689475,0.0592474625786,0.0592409126408,0.0593195118947,0.0593031370501,0.0594701604646,0.0594767104025,0.0593326117703,0.0591754132626,0.059011664817,0.0588446414025,0.0588610162471,0.0592016130139,0.0591295636978,0.0591197387911,0.0590640643196,0.0591917881072,0.0591164638222,0.0591623133869,0.059234362703,0.0595520346874,0.0594112110242,0.0593620864906,0.0594996351848,0.0599253811433,0.0601055044335,0.0601939285941,0.060491950765,0.0606360493971,0.0608947719412,0.0608292725629,0.0611403946095,0.0613303428064,0.0618052132986,0.0618117632364,0.0620508359669,0.0623521331068,0.0626141306197,0.0628499283813,0.0628073537855,0.0629416275109,0.0630136768269,0.0630628013606,0.0627615042207,0.0625486312415,0.0625781059617,0.0626174055886,0.0626337804332,0.0628728531637,0.0631938001171,0.0631414006145,0.0633968481896,0.063380473345,0.0636457458268,0.0638291440859,0.0639634178113,0.0639863425936,0.0642450651377,0.0641664658838,0.0639994424693,0.0642090404796,0.0642385151998,0.0641861156973,0.0644841378682,0.0646511612827,0.0646216865625,0.0649426335158,0.0648967839511,0.0648116347594,0.0650277827075,0.0652766803448,0.0654993782308,0.0656729515831,0.0658399749976,0.0661903966711,0.0665866679094,0.0664753189664,0.0665997677851,0.0669829391477,0.067084463184,0.0674119600751,0.0676641326813,0.0681783028004,0.0680735037952,0.0682045025517,0.068266726961,0.0687153977019,0.0686990228574,0.0691738933495,0.0693310918573,0.0691869932252,0.0692950671993,0.0693965912355,0.0694457157692,0.0697011633443,0.070081059738,0.0700221102976,0.070637804453,0.0706705541421,0.0713386478001,0.0718790176705,0.0719543419554,0.0720689658673,0.0723440632559,0.072229439344,0.0722851138155,0.0726912099605,0.072635535489,0.0727927339968,0.0725536612662,0.0725110866704,0.0726551853025,0.0728615083439,0.0732479546755,0.0738734737376,0.0740568719966,0.0742762949137,0.0744203935458,0.0748690642867,0.0754814834731,0.0759629039031,0.0766178976855,0.0771386177424,0.0775185141361,0.0778623858718,0.0786745781619,0.0795096952343,0.0800533400737,0.0807378085762,0.0812781784466,0.0816875495605,0.0821427702392,0.0828960130889,0.0837606048815,0.0842584001561,0.0846579463633,0.0846579463633,0.085519263187,0.0857223112595,0.0861808069071,0.0867506514978,0.0873041212438,0.0873761705599,0.0872713715547,0.0878379411764,0.0880540891245,0.08884990657,0.0886894330934,0.0888237068188,0.0889809053265,0.0895049003524,0.0896227992332,0.0903858669896,0.0909000371087,0.090814887917,0.0909655364869,0.0905954649999,0.0912111591553,0.0920790259168,0.0925047718753,0.0929272428649,0.093369363668,0.0938344092534,0.0944304535953,0.0950526976885,0.0955734177454,0.0964478344448,0.0969030551235,0.0968179059318,0.0969816543774,0.0970307789111,0.0972829515173,0.0973451759266,0.0975121993411,0.0982359674705,0.0984259156674,0.0985274397036,0.0989138860352,0.0994673557813,0.0999880758382,0.100728218812,0.10130788831,0.101507661413,0.101903932651,0.102103705755,0.10266045047,0.103508667418,0.103973713004,0.104399458962,0.105018428086,0.105336100071,0.105902669692,0.106459414407,0.106917910055,0.107235582039,0.107713727501,0.107893850791,0.108303221905,0.108820666993,0.109246412951,0.109773682946,0.110035680459,0.110926472003,0.11132601821,0.111827088453,0.112672030433,0.113713470546,0.114162141287,0.11469596122,0.115344405064,0.115894599842,0.11647099437,0.116808316168,0.117394535603,0.118072454168,0.118236202613,0.11827550224,0.118740547826,0.119064769748,0.11905821981,0.11938899167,0.120243758556,0.12020118396,0.120597455199,0.120908577245,0.121776444007,0.122074466178,0.123056956851,0.123672651006,0.124753390747,0.125352710058,0.125673657011,0.126780596503,0.127651738234,0.128185558167,0.128585104374,0.129338347223,0.129872167156,0.130530435907,0.130916882239,0.131689774902,0.132403718125,0.133068536814,0.133782480036,0.134866494746,0.135868635233,0.136664452679,0.136828201124,0.137761567264,0.13861633415,0.139182903771,0.139661049233,0.139962346372,0.140525641025,0.140748338911,0.141193734683,0.141950252502,0.143306089631,0.143420713543,0.143908683911,0.144743800983,0.145555993273,0.146404210221,0.147186927791,0.148270942501,0.149217408516,0.14989860205,0.150524121112,0.151837383646,0.153022922392,0.153913713936,0.154978078832,0.155970394412,0.157070783966,0.157876426319,0.158691893578,0.159775908287,0.160683074676,0.161668840318,0.162392608448,0.162923153411,0.163705870981,0.164082492406,0.165012583577,0.165769101395,0.166571468779,0.167216637654,0.167727532804,0.168176203545,0.169338817509,0.17059968054,0.171572346307,0.173219655669,0.173733825788,0.174205421311,0.175033988446,0.176242451974,0.177457465441,0.178132109036,0.178891901824,0.179576370326,0.179998841316,0.180457336964,0.181171280186,0.182425593279,0.183300009979,0.183427733766,0.184046702891,0.185327215735,0.186123033181,0.187226697704,0.188313987382,0.189247353522,0.19042634233,0.191353158532,0.191444857662,0.193072517211,0.194274430801,0.195073523216,0.195748166812,0.196550534195,0.197470800459,0.198109419397,0.198993661003,0.199848427889,0.201364738495,0.201964057806,0.202903973883,0.203922489215,0.204505433681,0.205347100691,