# R script for Peak Model
#  -- generated by MACS
p <- c(0.0481963321802,0.0562735321839,0.064220263465,0.0720187348341,0.0796926678772,0.0796808070843,0.0795444079653,0.0797994150138,0.0794732432075,0.079479173604,0.0791530017977,0.0789632291104,0.0788090388019,0.0788861339562,0.078933577128,0.0788386907843,0.0788031084055,0.0787378740442,0.078797178009,0.0788386907843,0.0788742731632,0.0788268299914,0.0788742731632,0.0787675260266,0.0787912476125,0.0788624123702,0.0784354238238,0.0781804167752,0.0782575119294,0.0781922775682,0.0782693727224,0.0783049551013,0.0782990247048,0.0785718229428,0.0787141524583,0.0788090388019,0.0791233498153,0.0792597489343,0.0789157859385,0.0789988114892,0.0785836837358,0.0787556652336,0.0787615956301,0.0785836837358,0.0785006581851,0.0783227462907,0.0780677392421,0.0784354238238,0.0785362405639,0.0783701894625,0.0787022916653,0.0784117022379,0.0784532150132,0.0784176326344,0.0783286766872,0.0783346070837,0.0784117022379,0.0779609921055,0.0779016881407,0.0778661057619,0.0779016881407,0.0779609921055,0.0780796000351,0.077978783295,0.0781744863787,0.0780262264668,0.0782100687576,0.078103321621,0.0780499480527,0.0782219295506,0.0778245929865,0.0779016881407,0.0780380872597,0.0779847136914,0.07781866259,0.0780736696386,0.0781507647928,0.0781270432069,0.0783049551013,0.0782812335154,0.0787082220618,0.0788327603878,0.0783464678766,0.0785303101674,0.0784887973921,0.0786251965111,0.0783939110484,0.0782456511365,0.0786370573041,0.0784354238238,0.0784117022379,0.0782871639118,0.078648918097,0.0782812335154,0.0784828669956,0.0785065885815,0.0784887973921,0.0788624123702,0.0788683427667,0.0793190528991,0.0792182361589,0.0793131225026,0.0794969647934,0.0794613824146,0.0795977815336,0.0795444079653,0.0796333639124,0.0793902176568,0.0793487048815,0.0791352106082,0.0791530017977,0.0790166026787,0.0788742731632,0.0792894009167,0.0788505515773,0.0789750899033,0.0793783568639,0.079751971842,0.079740111049,0.0796985982737,0.079751971842,0.0797816238244,0.0794258000357,0.0795977815336,0.0800781436483,0.0801670995955,0.0798527885821,0.0796867374807,0.0794554520181,0.0790047418857,0.0788505515773,0.0785955445287,0.0787200828548,0.0788564819738,0.0785955445287,0.0781270432069,0.0777356370393,0.0773086484929,0.0772434141316,0.0774865603872,0.0775695859379,0.0778068017971,0.0778720361583,0.0776763330746,0.0773383004753,0.0771781797704,0.0775695859379,0.0777119154534,0.0775280731626,0.0774746995943,0.0775399339555,0.0776704026781,0.0775873771274,0.0778483145724,0.0781685559823,0.078376119859,0.07823972074,0.0783939110484,0.0789039251456,0.0790818370399,0.0793012617096,0.0793605656744,0.0794080088463,0.0788624123702,0.0791352106082,0.0790343938681,0.078797178009,0.0784887973921,0.0778898273478,0.0777534282288,0.077557725145,0.0775992379203,0.0777890106076,0.078115182414,0.077694124264,0.0777890106076,0.0783346070837,0.0785006581851,0.0786726396829,0.0787378740442,0.0789572987139,0.0787438044407,0.0783701894625,0.0780025048809,0.0779491313126,0.077978783295,0.0776288899027,0.0778008714006,0.0780973912245,0.078376119859,0.0780796000351,0.0780558784492,0.0783168158942,0.0784947277886,0.0789869506963,0.0788979947491,0.0789513683174,0.07866077889,0.0783583286696,0.0780321568633,0.0782812335154,0.0782100687576,0.078251581533,0.0781448343963,0.0778898273478,0.0779016881407,0.0778364537795,0.0781744863787,0.0783286766872,0.0783405374801,0.0780736696386,0.0780202960703,0.0779135489337,0.0777059850569,0.0773679524577,0.0773560916647,0.0771841101668,0.0772789965105,0.0772612053211,0.0771841101668,0.0769409639112,0.0767037480521,0.076579209726,0.0765199057613,0.0768816599464,0.0767689824133,0.0769706158936,0.0765495577436,0.076306411488,0.0764902537789,0.077012128669,0.0774391172154,0.077545864352,0.0774984211802,0.077545864352,0.0777356370393,0.0779194793302,0.0780736696386,0.0784294934273,0.0784947277886,0.0782337903435,0.0779194793302,0.0777712194182,0.0785303101674,0.078364259066,0.0783405374801,0.0782753031189,0.0782930943083,0.0780618088456,0.0782871639118,0.0779906440879,0.0783108854977,0.0784828669956,0.0780855304316,0.0780736696386,0.0780025048809,0.0780618088456,0.0780618088456,0.0780736696386,0.0776110987133,0.0776407506957,0.077682263471,0.077978783295,0.0779906440879,0.07823972074,0.0781389039999,0.0779432009161,0.077955061709,0.078103321621,0.078387980652,0.0790462546611,0.0787497348371,0.0784117022379,0.0785362405639,0.0782871639118,0.0782041383611,0.0785006581851,0.0785955445287,0.0783227462907,0.0781329736034,0.0775399339555,0.0774746995943,0.0775814467309,0.0780202960703,0.0783049551013,0.0787378740442,0.0788979947491,0.0789810202998,0.0793368440885,0.0792775401237,0.0796689462913,0.0800188396835,0.0799061621504,0.0797104590667,0.079467312811,0.0795503383617,0.0793842872603,0.0796215031195,0.0800069788906,0.0805169929877,0.0808906079659,0.0814955084067,0.0819343577461,0.0820529656756,0.0831441586277,0.08401592691,0.0845022194212,0.0846682705226,0.084982581536,0.0855993427697,0.0865126238274,0.0867439092901,0.0874081136957,0.0880011533435,0.0879774317576,0.0881079004801,0.0883629075287,0.0889678079695,0.0889855991589,0.0887958264716,0.0886594273526,0.089246536604,0.0894837524631,0.0897091075293,0.0896201515821,0.0895430564279,0.0895786388068,0.0893473533441,0.0892643277934,0.0894778220666,0.0895964299962,0.0891990934322,0.0889203647977,0.0884518634759,0.0886831489385,0.0887661744892,0.0889144344012,0.0891635110533,0.0896023603927,0.0894659612737,0.089110137485,0.0889500167801,0.0890271119343,0.0891279286744,0.0892939797758,0.0892287454145,0.0893473533441,0.0890449031237,0.0889322255906,0.0890745551061,0.088552680216,0.088825478454,0.0888432696434,0.0891279286744,0.0886831489385,0.0886001233878,0.0886712881456,0.0890211815378,0.0892583973969,0.0893592141371,0.0898692282342,0.0897565507011,0.0898692282342,0.0901716784546,0.0903733119349,0.0904681982785,0.0902309824194,0.0899759753708,0.0896616643575,0.0894837524631,0.0895430564279,0.0896675947539,0.0893532837406,0.0890093207448,0.0887958264716,0.0885941929914,0.0884993066477,0.0885704714054,0.0885230282336,0.0886416361632,0.0886357057667,0.0883866291146,0.0882561603921,0.0883213947533,0.0886179145773,0.0886653577491,0.088700940128,0.088564541009,0.0887898960751,0.0888788520223,0.0888017568681,0.0890271119343,0.08937107493,0.0895371260314,0.0894541004807,0.0897031771328,0.0893236317582,0.0891990934322,0.0889974599519,0.0889025736082,0.0893947965159,0.0894303788948,0.0892999101723,0.0886416361632,0.0889440863836,0.088825478454,0.0892050238286,0.0899878361638,0.0901776088511,0.0898573674413,0.0896201515821,0.0895252652385,0.0898336458553,0.0901598176617,0.0901776088511,0.0900945833004,0.0901123744898,0.0895845692032,0.0896913163399,0.089940392992,0.089655733961,0.0897150379258,0.0896023603927,0.0894600308772,0.0889203647977,0.0888610608329,0.0892583973969,0.0891338590709,0.0891872326392,0.0894956132561,0.0896142211856,0.089507474049,0.0895904995997,0.0902191216264,0.0905275022433,0.0910493771334,0.0909782123757,0.0909307692039,0.090485989468,0.0900471401286,0.0901954000405,0.0900945833004,0.0898336458553,0.0897031771328,0.0895727084103,0.0888195480575,0.0880901092907,0.0883154643569,0.0887187313174,0.0889915295554,0.088689079335,0.0883391859428,0.0880308053259,0.0880663877048,0.0883866291146,0.0884340722864,0.0888847824188,0.0888432696434,0.0887365225068,0.0888314088505,0.0888551304364,0.0896023603927,0.089803993873,0.0895311956349,0.0894007269124,0.0895845692032,0.0895786388068,0.0897506203046,0.0900115577497,0.0900115577497,0.0900827225074,0.0897387595117,0.0901123744898,0.0896082907892,0.0895727084103,0.0897387595117,0.0899463233884,0.0901479568687,0.0902606344018,0.0906935533447,0.0905868062081,0.0905452934328,0.0904504070891,0.0908477436532,0.0909011172215,0.0909070476179,0.0904800590715,0.090474128675,0.0902547040053,0.089507474049,0.089507474049,0.0892880493793,0.0889500167801,0.0889796687624,0.0888610608329,0.088825478454,0.0891338590709,0.0890923462955,0.0887780352822,0.0888551304364,