# R script for Peak Model
#  -- generated by MACS
p <- c(0.0274660786895,0.0320644964335,0.0365493062097,0.0411720685182,0.0458435199557,0.0457596664557,0.0455703198427,0.0455243356652,0.045518925762,0.0455405653749,0.0455919594556,0.0455973693588,0.0459003239396,0.0457894209234,0.0457028624718,0.0457623714073,0.0458299951976,0.0457650763589,0.0458110605363,0.0456974525685,0.0459354883106,0.0459517180203,0.0458489298589,0.0460274566655,0.0461410646332,0.0464872984399,0.0464737736818,0.0466414806819,0.0466306608754,0.0468091876819,0.0466252509722,0.0465116430044,0.0466171361173,0.0464818885366,0.0463980350366,0.0462681973591,0.0463763954237,0.0465197578592,0.0466712351496,0.046584676698,0.0465170529076,0.0467334490367,0.0466063163109,0.0468091876819,0.0468118926335,0.0469363204078,0.0470796828433,0.0471824710047,0.0471446016821,0.0473393581983,0.0475205899564,0.0475314097629,0.0474989503435,0.0476720672468,0.0478776435695,0.0478235445372,0.0479587921179,0.0478695287147,0.048021006005,0.0480372357147,0.0483374853439,0.0484970774891,0.0487810974086,0.0488054419731,0.0488189667312,0.0488920004248,0.0487269983763,0.0490353628603,0.0488541311022,0.0489650341184,0.0488838855699,0.0490597074249,0.0489488044087,0.0489893786829,0.0492598738443,0.0493897115218,0.0495736482315,0.0494059412315,0.0496466819251,0.0495574185219,0.0496034026993,0.04965479678,0.0497711096994,0.049773814651,0.049584468038,0.0496412720219,0.0495952878445,0.0497170106671,0.049892832522,0.0498820127155,0.0499469315543,0.0498847176672,0.0500010305866,0.0499469315543,0.0503932485706,0.0503310346835,0.0504906268287,0.0503932485706,0.050460872361,0.0507205477159,0.0506772684901,0.0505122664416,0.0506962031514,0.0509477636515,0.050698908103,0.0510803062806,0.0513210469742,0.0516483461195,0.0516970352486,0.0517078550551,0.0517592491357,0.0521406473133,0.0524192573296,0.0524760613135,0.0527059822007,0.0527817208459,0.0527925406523,0.0529818872653,0.0530143466847,0.0531955784428,0.0535336973946,0.0536689449753,0.0537257489592,0.0538934559592,0.0539827193625,0.0540449332496,0.0541666560723,0.0540124738303,0.0541206718948,0.0540368183948,0.0540584580077,0.0539664896528,0.0539800144109,0.0540719827658,0.0541531313142,0.0541504263626,0.0543235432659,0.0546048582338,0.0546778919273,0.0549727316533,0.0551864228308,0.055724708202,0.055759872573,0.0558139716053,0.0559843835569,0.056187254928,0.056187254928,0.0562007796861,0.0563333223152,0.0563928312507,0.0565388986378,0.0561953697828,0.0562656985248,0.0562846331861,0.0564550451378,0.0566687363153,0.0568364433154,0.0572043167349,0.057455877235,0.0578940793965,0.0578237506545,0.0578913744449,0.0581321151385,0.0582944122354,0.0581889191224,0.0580671962998,0.0582213785418,0.0582403132031,0.0582484280579,0.0580861309611,0.0582890023322,0.0586920401227,0.058724499542,0.0589408956712,0.0591058977196,0.059187046268,0.0593304087036,0.0594250820101,0.0595549196876,0.0597523811554,0.0602203377846,0.0602041080749,0.0603637002202,0.0608316568494,0.0611129718173,0.0613726471722,0.0614132214464,0.0615755185433,0.0618892929305,0.0620299504144,0.0618811780757,0.0622355267371,0.0622463465436,0.0622220019791,0.062516841705,0.0626926635599,0.0628306160922,0.0628360259955,0.0629063547374,0.0629685686245,0.0631930796085,0.0633986559312,0.0637962838185,0.0638909571249,0.0640072700444,0.0642020265606,0.0643994880284,0.064780886206,0.0650649061255,0.0651460546739,0.0653110567223,0.0653786805127,0.0654273696418,0.0654571241095,0.0655139280934,0.0658899163678,0.0661847560937,0.0663254135776,0.0662631996905,0.0666500077713,0.0668880435134,0.0672423921748,0.0676427250137,0.0679132201751,0.0679294498848,0.0679889588203,0.0678239567718,0.0681566658204,0.0683595371914,0.0685434739012,0.0685597036109,0.0686273274012,0.0686056877883,0.0687977393529,0.0692143019015,0.0694902069661,0.0699879180631,0.0699689834018,0.0703855459504,0.0706181717892,0.0710347343378,0.0712673601766,0.0715649048541,0.0717380217574,0.071797530693,0.0719490079833,0.0723195863545,0.0724061448061,0.0726739350159,0.0726441805482,0.0728605766773,0.0730904975645,0.0733068936936,0.0735827987583,0.0738532939197,0.0739425573229,0.0739831315971,0.0744294486135,0.0745674011458,0.0750515874847,0.0750191280653,0.0749920785492,0.0751679004041,0.0753031479848,0.0754735599365,0.0757278253882,0.0761173384207,0.0764635722273,0.0766393940822,0.0768774298242,0.0772480081954,0.077678095502,0.0780486738731,0.0785572047766,0.0793443456963,0.0796148408577,0.0799664845675,0.0802910787612,0.0805642788742,0.0807644452937,0.0808131344227,0.0811593682293,0.0813433049391,0.0815001921327,0.0813865841649,0.0817517526328,0.0815407664069,0.0817950318586,0.0819708537136,0.0822467587782,0.0828012738591,0.0831718522302,0.0835640702143,0.0838589099402,0.0838913693596,0.0841862090855,0.0846974449406,0.084932775731,0.0853276986667,0.0859309028766,0.0863041861993,0.0867369784576,0.0873266579095,0.0880651097001,0.0887792169262,0.0897097202815,0.0903480888624,0.0910946555079,0.0922172104278,0.0926608224925,0.0934019792347,0.0938077219769,0.0942675637512,0.0946976510579,0.0953549543001,0.0954631523647,0.0959554535584,0.0962286536715,0.0964098854296,0.0971672718816,0.0979598227045,0.0986468804145,0.0992717242373,0.0998532888344,0.100172473125,0.100873055593,0.10117060027,0.101673721271,0.102160612561,0.101930691674,0.101955036239,0.102009135271,0.102260695771,0.102506846368,0.102939638626,0.10292881882,0.103383250691,0.10378358353,0.104164981707,0.105068435546,0.10540925945,0.106093612208,0.106410091547,0.106694111466,0.107486662289,0.108062816983,0.108709300419,0.109106928306,0.109442342306,0.109712837468,0.110042841565,0.110499978387,0.111181626194,0.111836224485,0.112036390904,0.112645005017,0.113142716114,0.11387305305,0.11424092647,0.114735932615,0.115371596244,0.115828733067,0.11635349368,0.116832270116,0.117359735681,0.118000809213,0.11834704302,0.118455241084,0.118828524407,0.119163938407,0.120024113021,0.120719285585,0.121024945118,0.12169847807,0.121963563328,0.122131270328,0.122601931909,0.123183496506,0.124092360248,0.124928190297,0.125109422055,0.125731560926,0.126277961152,0.126653949427,0.127422155685,0.127982080669,0.128853075089,0.129672675428,0.130281289541,0.130922363074,0.131503927671,0.131750078268,0.132350577526,0.132594023171,0.132891567849,0.133627314688,0.133989778204,0.134601097269,0.134882412237,0.135739881899,0.136188903867,0.136894896238,0.137525149964,0.138201387867,0.139045332771,0.139854113304,0.140324774884,0.140884699869,0.141698890304,0.141782743804,0.142678082789,0.142908003676,0.143746538676,0.144604008338,0.145239671967,0.145704923645,0.146497474468,0.147065514307,0.147330599565,0.14834495642,0.148761518969,0.14973530155,0.150284406728,0.151071547647,0.151945247019,0.152683698809,0.153257148551,0.153906336939,0.155191188956,0.155678080246,0.156435466698,0.157325395779,0.157950239602,0.158807709264,0.159767967087,0.1603765812,0.161266510281,0.162107750233,0.162418819668,0.163441291379,0.164287941234,0.164931719718,0.16560525267,0.166446492622,0.167355356364,0.168367008268,0.169438169107,0.17004678322,0.171218027269,0.172064677124,0.173138542915,0.173882404609,0.175045533803,0.175389062658,0.175767755884,0.176395304658,0.177079657417,0.177969586498,0.17889467995,0.179538458434,0.180187646821,0.181431924564,0.182478740839,0.183674329452,0.184561553581,0.185757142195,0.187120437808,0.188548652261,0.189476450664,0.190815401713,0.191864922939,0.192741327262,0.193498713714,0.194642908247,0.195962924635,0.196601293216,0.196763590313,0.197469582684,0.198089016603,0.198608367313,0.199487476588,0.200193468959,0.201132087169,0.201710946815,0.202398004525,0.203672036735,0.205024512542,0.206225511059,0.207147899559,0.208370537689,0.209787932334,0.210829338706,0.211180982416,0.212381980932,0.213142072336,0.213907573643,0.215043653321,0.215365542563,0.216250061741,0.217188679951,0.217602537548,0.218524926048,0.219842237484,0.220637493259,0.221670784775,0.222471450453,0.223599415276,0.224822053406,0.225922968713,0.226653305648,