>CTCAAAGGATTT	21-CTCAAAGGATTT	11.472712	-359.911113	0	T:139.0(0.33%),B:4.7(0.01%),P:1e-156
0.039	0.836	0.069	0.056
0.088	0.122	0.003	0.787
0.024	0.851	0.101	0.024
0.751	0.111	0.027	0.111
0.820	0.117	0.030	0.033
0.850	0.015	0.111	0.024
0.388	0.003	0.562	0.047
0.337	0.076	0.523	0.064
0.813	0.040	0.081	0.066
0.101	0.043	0.041	0.815
0.104	0.068	0.105	0.723
0.042	0.018	0.045	0.895
