>BBTAACCAGCTT	14-BBTAACCAGCTT	9.752572	-394.187889	0	T:158.0(0.38%),B:5.9(0.01%),P:1e-171
0.134	0.265	0.278	0.323
0.133	0.294	0.319	0.255
0.028	0.157	0.193	0.622
0.509	0.149	0.212	0.130
0.891	0.049	0.038	0.022
0.164	0.668	0.054	0.114
0.166	0.795	0.016	0.023
0.680	0.017	0.014	0.289
0.027	0.025	0.682	0.266
0.329	0.633	0.021	0.017
0.094	0.200	0.022	0.684
0.046	0.051	0.055	0.848
