>GGGGGGGGGGGG	25-CCCCCCCCCCCC	6.679120	-184.386920	0	T:4897.0(11.72%),B:3689.9(8.95%),P:1e-80
0.121	0.121	0.661	0.097
0.118	0.119	0.666	0.097
0.128	0.118	0.654	0.100
0.132	0.115	0.657	0.096
0.126	0.111	0.671	0.092
0.117	0.102	0.689	0.092
0.115	0.105	0.691	0.089
0.116	0.117	0.676	0.091
0.123	0.121	0.659	0.097
0.127	0.120	0.663	0.090
0.128	0.119	0.660	0.093
0.124	0.139	0.654	0.083
