>YAAGCCTGRGGG	10-YAAGCCTGRGGG,BestGuess:AP-2gamma(AP2)/MCF7-TFAP2C-ChIP-Seq(GSE21234)/Homer(0.769)	14.001295	-439.016045	0	T:188.0(0.45%),B:7.4(0.02%),P:1e-190
0.072	0.473	0.030	0.425
0.809	0.051	0.079	0.061
0.876	0.011	0.039	0.074
0.028	0.039	0.915	0.018
0.017	0.924	0.033	0.026
0.014	0.958	0.011	0.017
0.040	0.028	0.015	0.917
0.012	0.051	0.920	0.017
0.494	0.015	0.445	0.047
0.024	0.007	0.953	0.016
0.016	0.010	0.954	0.020
0.030	0.069	0.862	0.039
