>GGTCACVCTGAC	1-GTCAGBGTGACC	8.862428	-348.924335	0	T:128.0(36.06%),B:537.4(1.12%),P:1e-151
0.069	0.012	0.804	0.115
0.038	0.053	0.885	0.024
0.061	0.049	0.095	0.795
0.016	0.877	0.075	0.032
0.906	0.019	0.050	0.025
0.069	0.507	0.284	0.140
0.212	0.245	0.357	0.186
0.207	0.478	0.247	0.068
0.085	0.060	0.011	0.844
0.038	0.034	0.922	0.006
0.755	0.116	0.052	0.077
0.049	0.872	0.046	0.033
