# R script for Peak Model
#  -- generated by MACS
p <- c(0.0411229480844,0.0478262304382,0.0544761710225,0.0612327951457,0.0680143120946,0.0676835931243,0.0677404910117,0.0674560015749,0.0672426344974,0.0674346648672,0.0672497467333,0.0672888640308,0.0672461906153,0.0670221551839,0.0669119155271,0.0672355222614,0.0668265686961,0.0670363796557,0.0672461906153,0.0670150429479,0.0671075020149,0.0673742108619,0.0673315374463,0.0674168842774,0.0673493180361,0.0672177416716,0.0675022311084,0.067452445457,0.0672604150872,0.0673030885027,0.0674773382827,0.0670363796557,0.0671643999022,0.0673102007386,0.0675875779394,0.0676907053603,0.0676338074729,0.0678222817248,0.0677227104219,0.067712042068,0.0676480319447,0.0676978175962,0.0675769095856,0.0673422058002,0.0672212977896,0.0673244252104,0.0670719408353,0.0669759256504,0.0672390783794,0.0671323948406,0.0671252826047,0.0670826091892,0.0673564302721,0.0674239965133,0.0674239965133,0.0672426344974,0.0675804657035,0.0673102007386,0.0672106294357,0.0672924201488,0.0669723695324,0.0671395070765,0.0671679560202,0.0674595576929,0.0676480319447,0.0679574142072,0.0679040724378,0.0679823070329,0.0679929753868,0.0678293939607,0.0679182969097,0.0678258378427,0.067889847966,0.0677476032476,0.0674666699288,0.0672604150872,0.0670932775431,0.0671643999022,0.0673350935643,0.0674453332211,0.0676480319447,0.0677796083093,0.0675200116982,0.067452445457,0.0675946901754,0.0675840218215,0.0677867205452,0.0678507306684,0.0677404910117,0.0679147407917,0.0674737821647,0.0675520167598,0.0677191543039,0.0677547154835,0.0673350935643,0.0671715121382,0.0670150429479,0.0670577163635,0.0672212977896,0.0671288387227,0.0672817517949,0.0673137568566,0.0675662412317,0.0674026598055,0.0679218530276,0.0679111846738,0.0677831644272,0.0677973888991,0.0674666699288,0.0675057872264,0.067975194797,0.0681209956334,0.0681032150436,0.0683450310648,0.0683983728342,0.0684552707216,0.0685655103783,0.068590403204,0.069116708662,0.06912026478,0.0692411727906,0.0690384740669,0.0688144386355,0.0691416014878,0.069034917949,0.0689175660563,0.0691131525441,0.0686437449734,0.0682561281158,0.0681636690489,0.0680605416281,0.0681067711615,0.0682774648236,0.0681423323411,0.0683734800085,0.068679306153,0.0687753213379,0.0690029128873,0.0692269483188,0.0694901010478,0.0693300757396,0.0696643508278,0.0695078816376,0.0695185499915,0.0692447289086,0.0693443002115,0.0694154225707,0.0696750191817,0.0694296470425,0.0693763052731,0.0695861162327,0.0694794326939,0.0696785752997,0.0696003407045,0.0698634934336,0.0698065955462,0.0699417280287,0.0701266461626,0.0702155491116,0.0701550951062,0.0700626360393,0.069998625916,0.0698563811976,0.0698065955462,0.0695114377556,0.0694438715143,0.0692233922008,0.0692162799649,0.0691593820776,0.0693905297449,0.0692802900882,0.0692909584421,0.0693585246833,0.06946876434,0.0697141364793,0.0696679069458,0.0697496976589,0.0699701769723,0.0700057381519,0.0699417280287,0.0702119929936,0.0700270748597,0.0701622073422,0.0703257887683,0.0701906562858,0.070265334763,0.0703471254761,0.0700946411009,0.0702368858193,0.0702546664091,0.0700804166291,0.0702937837067,0.0703186765324,0.0702119929936,0.0704644773687,0.0705462680818,0.0705178191381,0.0703080081785,0.0706956250361,0.0706600638565,0.0711899254325,0.0712752722635,0.0714601903974,0.0714495220435,0.0715526494643,0.0720540620966,0.0722745414101,0.0724879084877,0.0723456637693,0.0723847810669,0.0719224857321,0.071755348188,0.0714352975717,0.0715099760488,0.0715206444027,0.0714388536896,0.0714139608639,0.0716664452391,0.0719402663219,0.0719118173783,0.0722247557587,0.0724381228363,0.0727972907502,0.072903974289,0.0730355506535,0.0728790814633,0.072726168391,0.0728861936992,0.072722612273,0.0727759540424,0.072637265442,0.0727439489808,0.0727546173347,0.0731386780743,0.0732666983209,0.0735689683474,0.0737396620095,0.0736756518862,0.0736543151785,0.0737716670711,0.0741059421593,0.0744295488936,0.0748847319925,0.0747282628022,0.0748598391667,0.074657140443,0.0748882881104,0.0748313902231,0.075009196121,0.0753256906194,0.0753576956811,0.0752296754345,0.0749522982337,0.0748669514027,0.0746891455047,0.0747282628022,0.0748669514027,0.0752474560243,0.075624404528,0.0755746188766,0.0756137361742,0.0754643792199,0.0757630931285,0.0758342154877,0.0758733327852,0.0762076078734,0.0765312146077,0.0767090205057,0.0765810002592,0.0770184027682,0.0771179740711,0.0779252128479,0.0778754271965,0.0781954778128,0.0789493748202,0.0789849359998,0.0786471047937,0.0787644566863,0.0789102575227,0.0787786811582,0.0788035739839,0.0787360077427,0.0788924769329,0.0789173697586,0.0787502322145,0.0790098288256,0.0794330068627,0.0793903334472,0.0794685680423,0.0796499300583,0.0799948735003,0.0801833477522,0.0803540414143,0.0804820616608,0.0804429443633,0.0806918726204,0.0806705359127,0.0810368160625,0.0816769172952,0.0821676615736,0.083099364479,0.0834940935726,0.0843866791804,0.0854464023324,0.086534574428,0.0874058233281,0.0885935667266,0.0891020915948,0.0896924071761,0.0903751818243,0.0904854214811,0.0912677674322,0.0914064560326,0.0918011851261,0.0923025977584,0.0926653217903,0.0927471125033,0.0933232036128,0.093653922583,0.0941375546255,0.0946887529093,0.0949910229358,0.0954462060346,0.0957093587637,0.0957271393535,0.0957413638253,0.0962178836319,0.0962783376372,0.0966552861409,0.0967904186234,0.0967619696797,0.0965912760176,0.0965948321356,0.0967548574438,0.096648173905,0.097085576414,0.0971104692397,0.0976225502259,0.0975443156308,0.0973380607891,0.0974127392663,0.0973985147944,0.0975763206924,0.0980066109655,0.0984120084129,0.0981666362737,0.0982377586329,0.0979746059039,0.0981844168635,0.098401340059,0.0984617940644,0.0986609366701,0.0988600792758,0.0983088809921,0.0980635088529,0.0981701923917,0.0980706210888,0.0984369012386,0.0983764472333,0.098315993228,0.0983337738178,0.0984297890027,0.0980457282631,0.0984866868901,0.0988387425681,0.0990485535277,0.0992370277795,0.0993081501387,0.0995001805085,0.0998060066531,0.100182955157,0.100300307049,0.100951076636,0.100904847103,0.10113599477,0.101541392217,0.10233796264,0.102451758415,0.102544217482,0.102793145739,0.10286071198,0.102650901021,0.102533549128,0.10275758456,0.102761140677,0.102455314533,0.101993019198,0.101975238608,0.102426865589,0.102224166866,0.102003687552,0.102935390457,0.103102528002,0.103123864709,0.103219879894,0.103042073996,0.103127420827,0.103561267218,0.103283890018,0.103810195476,0.104350725405,0.104123133856,0.104176475625,0.104546311893,0.104738342263,0.105293096665,0.105314433372,0.104681444376,0.105076173469,0.104745454499,0.104677888258,0.104930372633,0.104962377694,0.104763235089,0.104553424129,0.104613878134,0.105165076418,0.10551001986,0.105534912686,0.105506463742,0.105534912686,0.105424673029,0.105403336321,0.105325101726,0.105677157404,0.105854963302,0.105648708461,0.106167901683,0.105506463742,0.105766060353,0.105762504235,0.10585851942,0.106100335441,0.106374156524,0.106249692396,0.106388380996,0.106075442616,0.105602478927,0.105606035045,0.105609591163,0.105862075538,0.105940310133,0.105673601286,0.10554558104,0.105997208021,0.106071886498,0.106335039227,0.106427498294,0.106925354808,0.10746232862,0.107465884738,0.107561899923,0.107633022282,0.107853501596,0.107778823118,0.107611685574,0.10746232862,0.107551231569,0.107533450979,0.106896905864,0.106900461982,0.106872013039,0.107241849307,0.107120941296,0.106950247634,0.106669314315,0.106754661146,0.106640865371,0.106694207141,0.107138721886,0.106943135398,0.106484396181,0.106367044288,0.106356375935,0.10638126876,0.106669314315,0.10695735987,0.107369869553,0.107746818057,0.107721925231,0.107874838303,0.108088205381,0.108290904105,0.108408255997,0.108298016341,0.108394031525,0.108422480469,0.108522051772,0.10835135811,0.108041975847,0.107931736191,0.108226893981,0.108148659386,0.10852560789,0.108582505777,0.108650072019,0.108504271182,0.108618066957,0.10866429649,0.109318622195,0.109795142001,0.109731131878,0.109741800232,0.109443086323,0.109720463524,0.109816478709,0.109667121755,