# R script for Peak Model
#  -- generated by MACS
p <- c(0.0354933074034,0.041437790254,0.0470080908616,0.0528831378321,0.059005067932,0.0588507659761,0.0588584810739,0.0582991364838,0.058140976979,0.0583338544239,0.0580869712945,0.0580869712945,0.0584650110864,0.0584071478529,0.0581024014901,0.0579673872787,0.0578863787518,0.0580831137456,0.0579751023765,0.0577899400294,0.0578015126761,0.0576510682691,0.0576279229757,0.0576240654268,0.0576433531713,0.0579596721809,0.0581564071746,0.058368572364,0.0584264355974,0.0584920139287,0.0585653073577,0.0589549197964,0.0588777688184,0.0586848913735,0.0588160480361,0.0586810338246,0.0589857801875,0.0588700537206,0.0588199055849,0.0586424583357,0.0585691649066,0.058329996875,0.0587118942158,0.0589973528342,0.0590320707743,0.0593098142949,0.0590976491055,0.0590552160677,0.0591323670456,0.0592480935125,0.059494976642,0.0595258370331,0.0593676775284,0.0592789539037,0.0593020991971,0.0591670849857,0.0592095180236,0.0593098142949,0.0594872615442,0.0593098142949,0.0594023954684,0.0596261333045,0.0594101105662,0.0596762814401,0.0596724238912,0.0594602587019,0.0593985379195,0.0592249482192,0.0592056604747,0.0595952729133,0.0594525436041,0.0591593698879,0.0594641162508,0.0592789539037,0.0592789539037,0.0593483897839,0.0595219794842,0.0596531361467,0.0596299908534,0.0594255407618,0.0591786576324,0.0592982416482,0.0591477972412,0.0593098142949,0.05911693685,0.0591439396923,0.0592982416482,0.059305956746,0.0593715350773,0.0597109993802,0.0597688626137,0.0597842928093,0.0597302871247,0.0596608512445,0.0598537286894,0.0599848853519,0.0600466061343,0.0603590675949,0.0603320647527,0.0600774665254,0.0601931929924,0.0601739052479,0.0601816203457,0.0601507599545,0.060170047699,0.0600658938788,0.0596994267335,0.0595566974243,0.0593676775284,0.0593908228217,0.0592558086103,0.0593406746861,0.0594911190931,0.0595759851688,0.0593329595883,0.0590937915567,0.0592943840993,0.0592712388059,0.0594023954684,0.0593098142949,0.0593599624306,0.059267381257,0.0590397858721,0.0588160480361,0.0589857801875,0.0593291020394,0.0592712388059,0.0592750963548,0.0593831077239,0.0595412672287,0.0597727201626,0.059757289967,0.0597881503582,0.0597534324181,0.0596261333045,0.0592596661592,0.0591092217522,0.0589394896008,0.0588661961717,0.0590359283232,0.0589009141118,0.0585923102,0.0585614498088,0.058553734711,0.0586578885313,0.0591400821434,0.0594409709574,0.059417825664,0.059155512339,0.0588661961717,0.0589202018563,0.0589934952853,0.0591439396923,0.0594255407618,0.0593020991971,0.0594525436041,0.0593329595883,0.0594988341909,0.0597380022225,0.0596917116357,0.0599501674118,0.0600967542699,0.0598537286894,0.0598498711405,0.0600736089765,0.0598730164339,0.0601276146611,0.0602857741659,0.0602587713236,0.0604207883773,0.060243341128,0.0601739052479,0.0606715290556,0.0606908168001,0.0608644065005,0.0608142583648,0.0609608452229,0.0608991244406,0.0611267198255,0.0611228622766,0.0611807255101,0.061446896384,0.0611344349233,0.0611730104123,0.0611151471788,0.0612848793303,0.0611498651189,0.0612347311946,0.0611884406078,0.0613388850148,0.0614584690307,0.0617632153935,0.0621451127344,0.0620563891097,0.0621798306744,0.0622646967502,0.0626504516399,0.062986058394,0.0629783432962,0.0629899159429,0.0632020811322,0.063059351823,0.0628433290848,0.0628934772204,0.062758463009,0.0627083148734,0.0621103947943,0.0619290899961,0.0619830956807,0.0621566853811,0.0619792381318,0.0621296825388,0.0623997109616,0.0627083148734,0.0629783432962,0.0631827933877,0.0632445141701,0.0633486679903,0.0635762633752,0.0636379841576,0.063398816126,0.0634373916149,0.0633062349524,0.0631635056432,0.063059351823,0.0628471866337,0.062908907416,0.0626890271289,0.0627044573245,0.0628086111447,0.0631866509366,0.0628819045737,0.0629783432962,0.0631943660344,0.0633139500502,0.0636804171955,0.064035311694,0.0642359042367,0.0642320466878,0.0642320466878,0.0644982175617,0.0649688385271,0.0650961376407,0.0649996989183,0.0648106790223,0.0644905024639,0.0646178015775,0.0649071177448,0.0648531120602,0.0649456932337,0.064899402647,0.0649804111738,0.0652157216566,0.0656246218397,0.0660759550606,0.0662379721143,0.0661723937831,0.0659640861426,0.0662649749566,0.0665542911239,0.0665272882816,0.0668204619978,0.0670441998338,0.0668667525846,0.0667857440577,0.0670480573827,0.067186929143,0.0673103707077,0.0673180858055,0.0669786215026,0.0672023593386,0.067186929143,0.0671329234585,0.0673258009033,0.0674762453103,0.0676189746195,0.0679044332379,0.0681397437207,0.0683557664589,0.0685177835126,0.0688263874244,0.0687878119354,0.0690539828093,0.0691851394718,0.0694050197589,0.069327868781,0.0694435952479,0.0695053160303,0.0694551678946,0.0694898858347,0.0693162961343,0.0695091735792,0.0693973046611,0.0695361764214,0.069628757595,0.0698717831755,0.0699026435667,0.0702382503207,0.0708747458888,0.0715228141035,0.0718545633087,0.0720860162425,0.0725720674036,0.0730195430756,0.0737524773661,0.0747400098838,0.0759049896508,0.0765993484523,0.0770275363799,0.0772242713736,0.0779494905663,0.0783391030049,0.0787402880902,0.0792417694469,0.0793227779737,0.0793382081693,0.0790450344531,0.0790643221976,0.0793420657182,0.0801251481443,0.0801598660844,0.080626629501,0.0805263332297,0.0806690625389,0.0812824128135,0.0814791478073,0.0819227659305,0.0822969481735,0.08223908494,0.0821349311198,0.0824049595426,0.0823856717981,0.08272899365,0.0828100021768,0.0827328511989,0.0828640078614,0.0828447201169,0.0828948682526,0.0834156373537,0.0836702355809,0.0839402640037,0.0841408565464,0.0846269077074,0.0851592494552,0.0854601382692,0.0856144402251,0.0860927762884,0.0863280867711,0.0863242292222,0.0865749699005,0.0867639897965,0.0872268956641,0.087531642027,0.0878788214278,0.0879791176991,0.0884535962135,0.0883648725888,0.0887583425763,0.0892019606995,0.0895259948069,0.0899696129301,0.0900699092014,0.090197208315,0.0902859319396,0.0904903820312,0.0909378577033,0.0913737607287,0.091663076896,0.0917980911074,0.0921259827636,0.0924615895177,0.0929862161677,0.0937654410449,0.0939698911365,0.0945870989601,0.0948262669917,0.0952081643325,0.0955514861844,0.0960182496009,0.0968013320271,0.0970790755477,0.0974609728885,0.0975034059264,0.0979547391473,0.0982710581569,0.0985758045198,0.0987493942202,0.0989499867628,0.0992663057724,0.099355029397,0.099617342722,0.100207547703,0.100550869555,0.100894191407,0.101144932085,0.101534544524,0.102321484499,0.102888544187,0.103617620928,0.10399566072,0.104686161973,0.104952332847,0.10529179715,0.105862714387,0.106047876734,0.106869534649,0.106989118665,0.107239859343,0.107787631286,0.108069232356,0.108470417441,0.109207209281,0.109430947117,0.109994149256,0.111051117653,0.111452302739,0.112015504878,0.112787014657,0.113693538648,0.114468905976,0.115456438494,0.11581904809,0.116737144728,0.117165332656,0.117508654507,0.118260876542,0.118997668382,0.119749890417,0.11970359983,0.120154933051,0.120440391669,0.120876294695,0.121528220458,0.12187154231,0.122689342676,0.122959371099,0.124012481948,0.124787849276,0.125975974337,0.126732053921,0.127723443987,0.128548959451,0.12921631541,0.130149842244,0.130948354865,0.13114123231,0.131318679559,0.132101761986,0.132391078153,0.133039146368,0.13372964762,0.134748040529,0.13558512864,0.136750108407,0.137351886035,0.139110928332,0.140468785544,0.14146017561,0.142524859106,0.143342659472,0.144010015431,0.144685086488,0.145529889697,0.146208818303,0.147285074445,0.147929285111,0.14842305137,0.1488435242,0.149591888686,0.150328680525,0.151304640396,0.152091580371,0.152986531715,0.153958634037,0.154749431561,0.155794827312,0.157461288436,0.158861578686,0.15982596591,0.161044951362,0.161558005365,0.162861856892,0.163706660101,0.164786773792,0.1654579873,0.166005759243,0.16647252266,0.167282607928,0.167853525165,0.168258567799,0.169442835311,0.169720578831,0.170862413305,0.171657068378,0.17249029894,0.173639848511,0.174372782801,0.175032423663,0.176660309297,0.178315197774,0.179395311466,0.180378986434,0.180895897987,0.181459100126,0.182350193921,0.182998262136,0.183889355931,