# R script for Peak Model
#  -- generated by MACS
p <- c(0.0395328543787,0.0460981319809,0.0528151875061,0.0595922482567,0.0662669471523,0.0662175310843,0.0663269523777,0.066510497773,0.0663446009734,0.066309303782,0.0663693090074,0.0662175310843,0.0657269001237,0.0653209824225,0.065433933435,0.0655362952901,0.0655433547284,0.065384517367,0.065684543494,0.0659280941147,0.066058693723,0.0663198929394,0.066559913841,0.0667222809215,0.0666410973812,0.0663904873222,0.0663834278839,0.0661328178249,0.0660233965315,0.0659069157999,0.0655786519198,0.0653527498948,0.0656068896729,0.065684543494,0.0654904089413,0.0658469105745,0.0658327916979,0.0659563318679,0.0657410190003,0.0658257322596,0.0662175310843,0.0663834278839,0.0662281202417,0.0660657531612,0.0658045539448,0.0655645330432,0.0653351012991,0.0651974422526,0.0652927446694,0.0653386310182,0.0651727342186,0.0649468321936,0.0649115350021,0.0650456643295,0.0654762900647,0.0651127289932,0.0652539177588,0.0654727603456,0.0653492201756,0.0650244860147,0.0651550856229,0.065508057537,0.0657445487194,0.0656174788303,0.065508057537,0.0659775101827,0.0658222025405,0.0658786780468,0.0661998824886,0.0668458210914,0.0665175572113,0.0665246166496,0.0662951849054,0.066436373671,0.0663693090074,0.0663198929394,0.0665316760878,0.0666305082238,0.0667081620449,0.0663269523777,0.0664151953562,0.0663198929394,0.0661681150163,0.0661787041737,0.0663022443437,0.0666305082238,0.0667434592363,0.066835231934,0.0665634435601,0.066584621875,0.0667540483937,0.0668917074402,0.0670893717121,0.0673682195242,0.0672340901969,0.0668281724957,0.0669234749125,0.0668105239,0.0668881777211,0.0670293664867,0.066785815866,0.0667081620449,0.0666834540109,0.0664222547945,0.0668034644617,0.0667328700789,0.0664787303007,0.0663163632202,0.0664752005816,0.0664434331093,0.0668599399679,0.0669093560359,0.067036425925,0.0670999608695,0.0672093821629,0.0671740849715,0.0670187773293,0.067061133959,0.0671176094652,0.0672587982309,0.0670646636781,0.0671352580609,0.0671811444098,0.0671034905887,0.0669022965976,0.067011717891,0.0674282247496,0.0676258890215,0.0674423436262,0.06726232795,0.0672340901969,0.0670505448016,0.0668846480019,0.0669517126656,0.0669905395762,0.0671705552524,0.0672023227246,0.0669658315422,0.0670470150824,0.0670646636781,0.0671564363758,0.0671846741289,0.0672058524438,0.0674776408176,0.0674564625028,0.0673223331754,0.0670223070484,0.067011717891,0.0669905395762,0.0668246427765,0.0670576042398,0.067212911882,0.0673541006477,0.0674282247496,0.0674988191325,0.0673646898051,0.0673788086817,0.0675835323918,0.067361160086,0.0675976512684,0.0677458994723,0.0679082665528,0.0681553468927,0.0677988452594,0.0676823645278,0.0683177139732,0.0685330268408,0.0685859726279,0.0690624847119,0.0691613168479,0.0686848047638,0.0684271352665,0.0682259412755,0.0682400601521,0.0687201019552,0.0687836368998,0.0688507015634,0.0689036473506,0.0687483397084,0.069115430499,0.0695107590428,0.0697119530338,0.0697084233147,0.0696131208979,0.0694225160643,0.0689354148228,0.0691754357244,0.0692107329158,0.0692954461752,0.0691719060053,0.0690801333076,0.0692919164561,0.0696766558424,0.0699378550589,0.0696978341573,0.0697966662932,0.0698566715186,0.0703120052878,0.0705096695597,0.0707038041124,0.0706261502913,0.0706226205722,0.0705837936617,0.070742631023,0.071067365184,0.0716074122125,0.0717733090122,0.0714944612,0.071593293336,0.0716532985614,0.0718086062036,0.0718933194629,0.0719039086204,0.0723274749173,0.0721403998028,0.0720521568243,0.0717274226633,0.0716532985614,0.0712403214219,0.0707708687761,0.0710073599586,0.0709826519246,0.0709544141715,0.0706473286062,0.0709826519246,0.0707638093378,0.0709544141715,0.0712120836687,0.0714309262555,0.0716462391231,0.071445045132,0.0714309262555,0.0714026885024,0.0714203370981,0.0715297583914,0.0718333142376,0.0718968491821,0.071868611429,0.0722357022196,0.072369831547,0.0727439817759,0.0726557387974,0.0728286950353,0.0730581267795,0.0728992894181,0.0730228295881,0.0730651862177,0.0733616826256,0.0735628766166,0.0737570111694,0.0737428922928,0.0741205722409,0.0743464742659,0.0743500039851,0.0742123449386,0.0743570634233,0.0743535337042,0.0744594252784,0.0745688465718,0.0747065056183,0.0747912188777,0.0747382730906,0.0747771000011,0.0751865474215,0.0757301241692,0.0758466049008,0.0762984089509,0.076351354738,0.0761395715895,0.076277230636,0.0764925435036,0.0768949314857,0.0773008491869,0.0773184977826,0.0774879243014,0.0775726375607,0.0777455937987,0.0778373664963,0.078204457287,0.0784974239757,0.0786033155499,0.0785186022905,0.078405651278,0.0784762456608,0.0786033155499,0.0786350830222,0.0784868348183,0.0788009798218,0.0788609850472,0.0787833312261,0.0791539517359,0.0791716003316,0.0793833834801,0.0795139830883,0.0794610373012,0.0800610895551,0.0803893534352,0.0806117257411,0.0812753129396,0.0816388740111,0.0819706676104,0.0829413403741,0.083389614705,0.084215568984,0.0852391875349,0.0857721751252,0.0868663880589,0.087420553964,0.0881088491965,0.0890265761731,0.0893336617384,0.0898172332607,0.090674955012,0.0907737871479,0.0911585265343,0.091476201257,0.0915679739546,0.0920480157578,0.092277447502,0.0927363109903,0.0936328596521,0.0939964207236,0.0942152633103,0.0946000026967,0.0950059203979,0.0953024168058,0.0955141999542,0.0958777610257,0.0961001333316,0.0958989393406,0.0957648100132,0.0957471614175,0.0959554148468,0.0960436578254,0.0961001333316,0.0965236996285,0.0968343149129,0.0963895703012,0.0968272554746,0.0968625526661,0.097162578793,0.0975331993028,0.0974025996946,0.097713214979,0.0979673547572,0.097688506945,0.0978296957107,0.0983026780756,0.0978085173958,0.0982567917267,0.0983944507732,0.0983591535818,0.0984156290881,0.0984932829092,0.0984403371221,0.0983979804924,0.0983450347053,0.0985921150451,0.0992168753331,0.099365123537,0.0989521463975,0.099114513478,0.0994463070772,0.0992204050522,0.099389831571,0.0997745709573,0.0998945814081,0.100131072591,0.0998734030933,0.0998839922507,0.100681708777,0.100653471023,0.101073507601,0.10153237109,0.101373533728,0.101373533728,0.101497073898,0.101655911259,0.101945348229,0.102333617335,0.10198417514,0.102054769522,0.101655911259,0.101807689183,0.101797100025,0.102044180365,0.102460687224,0.102333617335,0.102143012501,0.102139482782,0.102263022952,0.102668940653,0.102848956329,0.10284542661,0.103194868805,0.103350176447,0.103043090882,0.102972496499,0.103258403749,0.102743064755,0.102799540261,0.102958377622,0.103456068021,0.103925520667,0.104006704207,0.103978466454,0.104112595782,0.104433800223,0.104631464495,0.105249165345,0.105443299898,0.105344467762,0.105287992256,0.105323289447,0.105697439676,0.10588451479,0.106343378279,0.106371616032,0.106452799572,0.106572810023,0.107130505647,0.107328169919,0.107338759076,0.107434061493,0.107599958293,0.107455239808,0.107395234583,0.107617606889,0.107917633016,0.107991757117,0.107843508914,0.107755265935,0.107977638241,0.108284723806,0.108401204538,0.108821241116,0.108930662409,0.109145975277,0.10905067286,0.109220099379,0.109103618647,0.10925539657,0.109347169268,0.109551892978,0.109463649999,0.109241277693,0.109025964826,0.10884241943,0.108814181677,0.108694171227,0.10905067286,0.10925539657,0.109241277693,0.108422382853,0.108094118973,0.108408263976,0.108510625831,0.108627106563,0.10851415555,0.108627106563,0.108485917797,0.108327080436,0.108277664368,0.10859886881,0.108605928248,0.108669463193,0.108817711396,0.109001256792,0.109385996178,0.109498947191,0.109354228706,0.109371877302,0.109590719888,0.109777795003,0.110084880568,0.110296663717,0.110215480176,0.110024875343,0.109629546799,0.109061262017,0.108930662409,0.109068321455,0.109029494545,0.109209510221,0.10941776365,0.108994197354,0.109124796962,0.108870657184,0.109142445557,0.109594249607,0.109961340398,0.10999310787,0.110056642815,0.109735438373,0.109668373709,0.109534244382,0.109481298595,0.109580130731,0.109671903429,0.109693081743,0.109735438373,0.10962601708,0.109308342357,0.109590719888,0.109463649999,0.109671903429,0.109661314271,0.109594249607,0.109304812638,