# R script for Peak Model
#  -- generated by MACS
p <- c(0.00501421889214,0.00644685286133,0.00644685286133,0.00644685286133,0.00787948683051,0.00787948683051,0.00787948683051,0.00716316984592,0.00644685286133,0.00573053587674,0.00787948683051,0.00644685286133,0.00787948683051,0.0085958038151,0.0085958038151,0.0093121207997,0.0093121207997,0.0093121207997,0.0100284377843,0.0100284377843,0.00716316984592,0.00787948683051,0.0085958038151,0.00787948683051,0.00716316984592,0.00716316984592,0.0093121207997,0.0093121207997,0.00787948683051,0.0093121207997,0.0093121207997,0.0085958038151,0.00716316984592,0.00787948683051,0.00787948683051,0.00716316984592,0.0093121207997,0.0093121207997,0.0093121207997,0.0100284377843,0.0114610717535,0.0128937057227,0.0128937057227,0.0121773887381,0.0114610717535,0.0136100227072,0.0100284377843,0.0114610717535,0.0136100227072,0.0128937057227,0.0121773887381,0.0121773887381,0.0114610717535,0.0128937057227,0.0136100227072,0.0121773887381,0.0128937057227,0.0114610717535,0.0093121207997,0.0085958038151,0.0085958038151,0.00787948683051,0.0085958038151,0.0085958038151,0.00787948683051,0.00787948683051,0.00787948683051,0.00787948683051,0.0100284377843,0.0114610717535,0.0114610717535,0.0107447547689,0.0107447547689,0.0093121207997,0.0093121207997,0.00787948683051,0.00716316984592,0.00644685286133,0.00501421889214,0.00429790190755,0.00573053587674,0.00644685286133,0.00573053587674,0.00716316984592,0.0093121207997,0.0100284377843,0.0100284377843,0.0114610717535,0.0107447547689,0.0100284377843,0.0085958038151,0.0085958038151,0.0085958038151,0.00716316984592,0.00573053587674,0.00573053587674,0.0085958038151,0.00716316984592,0.00787948683051,0.00787948683051,0.0085958038151,0.00787948683051,0.0085958038151,0.0100284377843,0.0100284377843,0.0100284377843,0.00716316984592,0.00787948683051,0.00787948683051,0.0100284377843,0.0107447547689,0.0114610717535,0.0128937057227,0.0121773887381,0.0136100227072,0.0136100227072,0.0128937057227,0.0121773887381,0.0121773887381,0.0100284377843,0.0085958038151,0.0085958038151,0.00716316984592,0.00716316984592,0.00501421889214,0.00573053587674,0.00716316984592,0.00787948683051,0.0085958038151,0.00787948683051,0.00787948683051,0.00787948683051,0.0093121207997,0.0093121207997,0.0100284377843,0.0085958038151,0.0093121207997,0.0085958038151,0.00716316984592,0.0085958038151,0.00787948683051,0.0085958038151,0.00787948683051,0.00787948683051,0.00716316984592,0.00787948683051,0.00644685286133,0.0085958038151,0.0085958038151,0.00787948683051,0.00787948683051,0.00644685286133,0.00573053587674,0.00644685286133,0.00787948683051,0.0093121207997,0.0085958038151,0.00716316984592,0.00716316984592,0.00644685286133,0.0085958038151,0.0085958038151,0.0085958038151,0.00787948683051,0.0085958038151,0.00716316984592,0.00716316984592,0.00716316984592,0.0093121207997,0.0100284377843,0.00787948683051,0.0085958038151,0.0093121207997,0.0093121207997,0.0085958038151,0.0093121207997,0.0100284377843,0.0093121207997,0.0085958038151,0.0085958038151,0.0107447547689,0.0114610717535,0.0100284377843,0.0114610717535,0.0114610717535,0.0121773887381,0.0114610717535,0.0136100227072,0.0121773887381,0.0114610717535,0.0100284377843,0.0100284377843,0.0121773887381,0.0107447547689,0.0100284377843,0.0107447547689,0.0107447547689,0.0093121207997,0.0100284377843,0.0121773887381,0.0136100227072,0.0128937057227,0.0107447547689,0.0121773887381,0.0114610717535,0.0100284377843,0.0107447547689,0.0114610717535,0.0107447547689,0.0085958038151,0.0085958038151,0.00787948683051,0.0107447547689,0.0093121207997,0.0093121207997,0.0093121207997,0.0093121207997,0.0093121207997,0.0107447547689,0.0128937057227,0.0114610717535,0.0121773887381,0.0107447547689,0.0100284377843,0.0100284377843,0.0093121207997,0.0093121207997,0.0085958038151,0.00787948683051,0.00573053587674,0.00573053587674,0.00644685286133,0.00573053587674,0.00644685286133,0.00644685286133,0.00573053587674,0.00573053587674,0.00787948683051,0.00787948683051,0.0093121207997,0.0100284377843,0.0085958038151,0.0085958038151,0.0085958038151,0.0093121207997,0.0093121207997,0.0100284377843,0.0085958038151,0.00787948683051,0.00787948683051,0.00644685286133,0.00644685286133,0.00644685286133,0.00787948683051,0.0085958038151,0.0085958038151,0.00787948683051,0.00787948683051,0.00787948683051,0.00716316984592,0.0085958038151,0.0107447547689,0.0107447547689,0.0093121207997,0.0093121207997,0.0093121207997,0.0093121207997,0.00787948683051,0.0093121207997,0.0085958038151,0.0085958038151,0.0085958038151,0.0085958038151,0.00787948683051,0.00716316984592,0.00787948683051,0.0085958038151,0.0093121207997,0.00787948683051,0.0093121207997,0.00787948683051,0.00644685286133,0.00644685286133,0.00787948683051,0.00716316984592,0.0085958038151,0.00787948683051,0.0100284377843,0.0107447547689,0.0093121207997,0.0114610717535,0.0114610717535,0.0121773887381,0.0128937057227,0.0128937057227,0.0128937057227,0.0128937057227,0.0107447547689,0.0100284377843,0.0128937057227,0.0229221435069,0.0501421889214,0.0651848455979,0.0881069891048,0.113178083566,0.134667593103,0.160455004549,0.191256634886,0.224207216177,0.24498040873,0.257874114453,0.252859895561,0.27291677113,0.282228891929,0.290824695744,0.292257329714,0.287959427806,0.281512574945,0.270051503191,0.265037284299,0.257157797469,0.267186235253,0.257157797469,0.262888333345,0.249278310638,0.255008846515,0.265037284299,0.28079625796,0.285810476852,0.295838914637,0.303002084482,0.297271548606,0.295838914637,0.284377842883,0.287959427806,0.289392061775,0.287959427806,0.274349405099,0.28079625796,0.28079625796,0.285094159868,0.282945208914,0.28079625796,0.281512574945,0.291541012729,0.285810476852,0.279363623991,0.279363623991,0.279363623991,0.274349405099,0.268618869222,0.265753601284,0.270767820176,0.268618869222,0.270051503191,0.275782039068,0.282228891929,0.287959427806,0.277214673037,0.279363623991,0.282945208914,0.285810476852,0.278647307006,0.279363623991,0.274349405099,0.270767820176,0.273633088114,0.278647307006,0.282228891929,0.286526793837,0.286526793837,0.282945208914,0.289392061775,0.288675744791,0.287959427806,0.286526793837,0.282945208914,0.281512574945,0.285094159868,0.285810476852,0.285810476852,0.286526793837,0.288675744791,0.285094159868,0.280079940975,0.292257329714,0.292973646698,0.282945208914,0.285094159868,0.282228891929,0.287243110821,0.290824695744,0.291541012729,0.296555231621,0.299420499559,0.290824695744,0.291541012729,0.294406280667,0.296555231621,0.295838914637,0.291541012729,0.293689963683,0.299420499559,0.297271548606,0.303718401467,0.303718401467,0.294406280667,0.291541012729,0.285094159868,0.287959427806,0.292973646698,0.287959427806,0.282228891929,0.28079625796,0.27148413716,0.260739382391,0.262172016361,0.27148413716,0.268618869222,0.267186235253,0.265037284299,0.274349405099,0.272200454145,0.272200454145,0.275782039068,0.278647307006,0.288675744791,0.277930990022,0.288675744791,0.293689963683,0.295122597652,0.287959427806,0.289392061775,0.295122597652,0.297271548606,0.294406280667,0.292257329714,0.303002084482,0.291541012729,0.282228891929,0.287243110821,0.292973646698,0.295838914637,0.292257329714,0.289392061775,0.295122597652,0.301569450513,0.295122597652,0.304434718452,0.313030522267,0.300853133529,0.300136816544,0.293689963683,0.300136816544,0.305867352421,0.310165254328,0.305867352421,0.309448937344,0.310165254328,0.303718401467,0.311597888298,0.308732620359,0.308016303375,0.300136816544,0.299420499559,0.308016303375,0.29798786559,0.297271548606,0.295122597652,0.299420499559,0.303718401467,0.310165254328,0.318761058143,0.329505812912,0.323058960051,0.309448937344,0.31517947322,0.310165254328,0.305867352421,0.309448937344,0.309448937344,0.30729998639,0.309448937344,0.302285767498,0.308016303375,0.30729998639,0.315895790205,0.322342643066,0.315895790205,0.313030522267,0.308016303375,0.306583669405,0.305867352421,0.309448937344,0.311597888298,0.31517947322,0.30729998639,0.310165254328,0.315895790205,0.310165254328,0.322342643066,0.329505812912,