>VTGACTCATC	AP-1(bZIP)/ThioMac-PU.1-ChIP-Seq(GSE21512)/Homer	6.049537	0.000000	0	T:0.0(0.00%),B:0.0(0.00%),P:1e0
0.419	0.275	0.277	0.028
0.001	0.001	0.001	0.997
0.010	0.002	0.965	0.023
0.984	0.003	0.001	0.012
0.062	0.579	0.305	0.054
0.026	0.001	0.001	0.972
0.043	0.944	0.001	0.012
0.980	0.005	0.001	0.014
0.050	0.172	0.307	0.471
0.149	0.444	0.211	0.195
>SCCTSAGGSCAW	AP-2gamma(AP2)/MCF7-TFAP2C-ChIP-Seq(GSE21234)/Homer	6.349794	0.000000	0	T:0.0(0.00%),B:0.0(0.00%),P:1e0
0.005	0.431	0.547	0.017
0.001	0.997	0.001	0.001
0.001	0.947	0.001	0.051
0.003	0.304	0.001	0.692
0.061	0.437	0.411	0.091
0.688	0.004	0.289	0.019
0.063	0.001	0.935	0.001
0.001	0.001	0.997	0.001
0.009	0.487	0.503	0.001
0.281	0.458	0.059	0.201
0.552	0.128	0.170	0.150
0.232	0.185	0.201	0.381
>ATGCCCTGAGGC	AP-2alpha(AP2)/Hela-AP2alpha-ChIP-Seq(GSE31477)/Homer	6.800669	0.000000	0	T:0.0(0.00%),B:0.0(0.00%),P:1e0
0.408	0.209	0.161	0.221
0.153	0.088	0.111	0.648
0.166	0.063	0.596	0.175
0.008	0.636	0.348	0.008
0.001	0.997	0.001	0.001
0.001	0.941	0.001	0.057
0.020	0.184	0.018	0.778
0.099	0.353	0.506	0.042
0.683	0.009	0.302	0.006
0.028	0.001	0.970	0.001
0.001	0.001	0.997	0.001
0.014	0.607	0.368	0.011
>NAHCAGCTGD	Ap4(bHLH)/AML-Tfap4-ChIP-Seq(GSE45738)/Homer	6.116982	0.000000	0	T:0.0(0.00%),B:0.0(0.00%),P:1e0
0.322	0.237	0.217	0.223
0.419	0.250	0.207	0.123
0.330	0.268	0.115	0.287
0.014	0.955	0.014	0.017
0.941	0.017	0.018	0.024
0.020	0.020	0.913	0.047
0.060	0.899	0.021	0.020
0.022	0.019	0.017	0.942
0.017	0.016	0.954	0.013
0.244	0.100	0.288	0.368
>AGTAAACAAAAAAGAACAND	FOXA1:AR(Forkhead,NR)/LNCAP-AR-ChIP-Seq(GSE27824)/Homer	10.603910	0.000000	0	T:0.0(0.00%),B:0.0(0.00%),P:1e0
0.571	0.008	0.138	0.283
0.343	0.028	0.598	0.031
0.023	0.405	0.001	0.571
0.951	0.047	0.001	0.001
0.977	0.021	0.001	0.001
0.997	0.001	0.001	0.001
0.001	0.663	0.003	0.333
0.946	0.003	0.010	0.041
0.498	0.164	0.182	0.156
0.503	0.164	0.177	0.156
0.509	0.166	0.179	0.146
0.613	0.107	0.114	0.166
0.672	0.001	0.270	0.057
0.151	0.001	0.778	0.070
0.483	0.153	0.099	0.265
0.968	0.001	0.005	0.026
0.003	0.991	0.005	0.001
0.887	0.001	0.001	0.111
0.254	0.213	0.221	0.312
0.353	0.088	0.234	0.324
>RGRACASNSTGTYCYB	ARE(NR)/LNCAP-AR-ChIP-Seq(GSE27824)/Homer	7.778994	0.000000	0	T:0.0(0.00%),B:0.0(0.00%),P:1e0
0.467	0.001	0.427	0.104
0.054	0.001	0.923	0.022
0.390	0.201	0.276	0.133
0.890	0.026	0.039	0.045
0.001	0.988	0.010	0.001
0.832	0.001	0.043	0.124
0.096	0.291	0.414	0.199
0.262	0.233	0.243	0.262
0.203	0.409	0.292	0.096
0.123	0.046	0.001	0.830
0.001	0.011	0.987	0.001
0.047	0.042	0.018	0.893
0.127	0.268	0.198	0.407
0.011	0.944	0.001	0.044
0.102	0.411	0.001	0.485
0.144	0.261	0.240	0.356
>CCAGGAACAG	AR-halfsite(NR)/LNCaP-AR-ChIP-Seq(GSE27824)/Homer	5.193832	0.000000	0	T:0.0(0.00%),B:0.0(0.00%),P:1e0
0.122	0.483	0.277	0.118
0.204	0.613	0.009	0.174
0.439	0.124	0.187	0.250
0.335	0.001	0.663	0.001
0.001	0.001	0.997	0.001
0.471	0.273	0.168	0.089
0.997	0.001	0.001	0.001
0.001	0.994	0.004	0.001
0.965	0.001	0.001	0.033
0.031	0.331	0.534	0.104
>TBGCACGCAA	Arnt:Ahr(bHLH)/MCF7-Arnt-ChIP-Seq(Lo_et_al.)/Homer	6.101496	0.000000	0	T:0.0(0.00%),B:0.0(0.00%),P:1e0
0.282	0.202	0.069	0.447
0.151	0.310	0.329	0.210
0.188	0.053	0.476	0.284
0.014	0.970	0.003	0.013
0.927	0.028	0.001	0.044
0.033	0.826	0.051	0.090
0.029	0.017	0.951	0.003
0.123	0.765	0.067	0.045
0.681	0.148	0.046	0.125
0.526	0.219	0.143	0.112
>NNVVCAGCTGBN	Ascl1(bHLH)/NeuralTubes-Ascl1-ChIP-Seq(GSE55840)/Homer	6.242935	0.000000	0	T:0.0(0.00%),B:0.0(0.00%),P:1e0
0.259	0.228	0.272	0.241
0.218	0.270	0.250	0.263
0.288	0.318	0.337	0.057
0.271	0.315	0.324	0.089
0.078	0.848	0.059	0.015
0.847	0.001	0.001	0.151
0.062	0.085	0.690	0.163
0.233	0.495	0.238	0.034
0.101	0.066	0.063	0.770
0.002	0.001	0.918	0.079
0.079	0.365	0.284	0.272
0.200	0.277	0.202	0.322
>GATGACGTCA	Atf1(bZIP)/K562-ATF1-ChIP-Seq(GSE31477)/Homer	6.250778	0.000000	0	T:0.0(0.00%),B:0.0(0.00%),P:1e0
0.202	0.227	0.397	0.173
0.466	0.202	0.291	0.041
0.023	0.046	0.020	0.911
0.016	0.026	0.759	0.199
0.870	0.001	0.068	0.061
0.025	0.748	0.059	0.168
0.143	0.069	0.771	0.017
0.057	0.168	0.005	0.770
0.323	0.635	0.031	0.011
0.857	0.021	0.072	0.050
>NRRTGACGTCAT	Atf2(bZIP)/3T3L1-Atf2-ChIP-Seq(GSE56872)/Homer	7.098521	0.000000	0	T:0.0(0.00%),B:0.0(0.00%),P:1e0
0.209	0.287	0.276	0.228
0.239	0.195	0.379	0.188
0.429	0.226	0.283	0.062
0.047	0.025	0.020	0.908
0.016	0.028	0.825	0.131
0.750	0.026	0.105	0.119
0.057	0.569	0.177	0.197
0.206	0.144	0.580	0.070
0.095	0.105	0.044	0.756
0.132	0.798	0.042	0.028
0.890	0.025	0.029	0.056
0.073	0.280	0.215	0.432
>DATGASTCATHN	Atf3(bZIP)/GBM-ATF3-ChIP-Seq(GSE33912)/Homer	5.979652	0.000000	0	T:0.0(0.00%),B:0.0(0.00%),P:1e0
0.305	0.134	0.316	0.245
0.486	0.214	0.275	0.025
0.001	0.001	0.001	0.997
0.001	0.001	0.946	0.052
0.997	0.001	0.001	0.001
0.047	0.454	0.452	0.048
0.001	0.001	0.001	0.997
0.052	0.946	0.001	0.001
0.997	0.001	0.001	0.001
0.025	0.278	0.213	0.484
0.243	0.327	0.131	0.300
0.256	0.266	0.231	0.247
>MTGATGCAAT	Atf4(bZIP)/MEF-Atf4-ChIP-Seq(GSE35681)/Homer	6.539998	0.000000	0	T:0.0(0.00%),B:0.0(0.00%),P:1e0
0.490	0.342	0.159	0.010
0.001	0.012	0.001	0.986
0.006	0.002	0.975	0.017
0.965	0.007	0.010	0.018
0.001	0.024	0.002	0.973
0.001	0.001	0.997	0.001
0.130	0.661	0.001	0.208
0.994	0.004	0.001	0.001
0.997	0.001	0.001	0.001
0.015	0.316	0.124	0.545
>NGRTGACGTCAY	Atf7(bZIP)/3T3L1-Atf7-ChIP-Seq(GSE56872)/Homer	6.735338	0.000000	0	T:0.0(0.00%),B:0.0(0.00%),P:1e0
0.238	0.303	0.285	0.175
0.226	0.167	0.389	0.219
0.407	0.195	0.320	0.078
0.017	0.019	0.006	0.958
0.001	0.039	0.800	0.160
0.827	0.019	0.081	0.073
0.033	0.665	0.139	0.163
0.182	0.123	0.666	0.029
0.076	0.069	0.038	0.817
0.136	0.813	0.045	0.006
0.914	0.010	0.044	0.032
0.053	0.317	0.219	0.411
>VNRVCAGCTGGY	Atoh1(bHLH)/Cerebellum-Atoh1-ChIP-Seq(GSE22111)/Homer	6.030696	0.000000	0	T:0.0(0.00%),B:0.0(0.00%),P:1e0
0.295	0.237	0.322	0.146
0.209	0.237	0.270	0.284
0.487	0.038	0.467	0.008
0.279	0.419	0.299	0.002
0.002	0.994	0.002	0.002
0.994	0.002	0.002	0.002
0.002	0.002	0.718	0.278
0.381	0.615	0.002	0.002
0.002	0.002	0.002	0.994
0.002	0.002	0.994	0.002
0.002	0.269	0.500	0.230
0.036	0.461	0.058	0.446
>AWWNTGCTGAGTCAT	Bach1(bZIP)/K562-Bach1-ChIP-Seq(GSE31477)/Homer	9.349723	0.000000	0	T:0.0(0.00%),B:0.0(0.00%),P:1e0
0.434	0.088	0.224	0.254
0.486	0.059	0.094	0.361
0.440	0.065	0.092	0.404
0.264	0.241	0.197	0.298
0.084	0.037	0.008	0.871
0.002	0.002	0.995	0.001
0.067	0.927	0.001	0.005
0.005	0.005	0.001	0.989
0.001	0.001	0.966	0.032
0.958	0.001	0.002	0.039
0.016	0.166	0.795	0.023
0.001	0.001	0.001	0.997
0.020	0.978	0.001	0.001
0.997	0.001	0.001	0.001
0.033	0.246	0.118	0.603
>TGCTGAGTCA	Bach2(bZIP)/OCILy7-Bach2-ChIP-Seq(GSE44420)/Homer	8.697355	0.000000	0	T:0.0(0.00%),B:0.0(0.00%),P:1e0
0.150	0.132	0.147	0.571
0.023	0.142	0.819	0.016
0.213	0.739	0.035	0.013
0.008	0.011	0.001	0.980
0.006	0.001	0.960	0.033
0.965	0.001	0.001	0.033
0.033	0.369	0.575	0.023
0.001	0.001	0.001	0.997
0.032	0.966	0.001	0.001
0.992	0.001	0.006	0.001
>TTRAGTGSYK	Bapx1(Homeobox)/VertebralCol-Bapx1-ChIP-Seq(GSE36672)/Homer	6.037626	0.000000	0	T:0.0(0.00%),B:0.0(0.00%),P:1e0
0.056	0.334	0.104	0.506
0.177	0.231	0.156	0.436
0.497	0.001	0.501	0.001
0.962	0.005	0.012	0.021
0.009	0.001	0.882	0.108
0.024	0.001	0.001	0.974
0.140	0.001	0.858	0.001
0.079	0.289	0.425	0.208
0.189	0.274	0.127	0.410
0.188	0.124	0.280	0.408
>AAACMATTAN	Barx1(Homeobox)/Stomach-Barx1.3xFlag-ChIP-Seq(GSE69483)/Homer	6.182512	0.000000	0	T:0.0(0.00%),B:0.0(0.00%),P:1e0
0.468	0.162	0.222	0.148
0.590	0.096	0.191	0.123
0.542	0.093	0.227	0.138
0.070	0.618	0.197	0.115
0.332	0.406	0.087	0.176
0.591	0.159	0.112	0.138
0.027	0.096	0.056	0.821
0.046	0.180	0.060	0.714
0.794	0.024	0.059	0.123
0.235	0.222	0.336	0.207
>CTTTCANTATGACTV	IRF:BATF(IRF:bZIP)/pDC-Irf8-ChIP-Seq(GSE66899)/Homer	9.619667	0.000000	0	T:0.0(0.00%),B:0.0(0.00%),P:1e0
0.051	0.508	0.300	0.141
0.004	0.017	0.001	0.978
0.001	0.123	0.001	0.875
0.004	0.081	0.004	0.911
0.001	0.987	0.004	0.008
0.619	0.103	0.047	0.231
0.242	0.222	0.244	0.291
0.246	0.009	0.034	0.711
0.465	0.180	0.064	0.291
0.001	0.001	0.001	0.997
0.034	0.111	0.611	0.244
0.884	0.021	0.009	0.086
0.161	0.513	0.257	0.069
0.183	0.051	0.017	0.749
0.243	0.360	0.235	0.162
>DATGASTCAT	BATF(bZIP)/Th17-BATF-ChIP-Seq(GSE39756)/Homer	6.408060	0.000000	0	T:0.0(0.00%),B:0.0(0.00%),P:1e0
0.258	0.115	0.308	0.319
0.494	0.221	0.193	0.092
0.001	0.001	0.001	0.997
0.001	0.001	0.900	0.098
0.986	0.001	0.001	0.012
0.030	0.456	0.481	0.033
0.007	0.001	0.001	0.991
0.095	0.899	0.004	0.002
0.997	0.001	0.001	0.001
0.087	0.209	0.225	0.479
>NNNCTTTCCAGGAAA	Bcl6(Zf)/Liver-Bcl6-ChIP-Seq(GSE31578)/Homer	6.522635	0.000000	0	T:0.0(0.00%),B:0.0(0.00%),P:1e0
0.225	0.277	0.206	0.292
0.271	0.206	0.219	0.304
0.221	0.218	0.348	0.213
0.218	0.390	0.164	0.228
0.120	0.234	0.061	0.585
0.032	0.207	0.052	0.709
0.027	0.058	0.031	0.884
0.017	0.888	0.023	0.072
0.025	0.648	0.012	0.315
0.623	0.009	0.025	0.343
0.116	0.013	0.842	0.029
0.065	0.033	0.867	0.035
0.788	0.048	0.136	0.028
0.867	0.041	0.053	0.039
0.412	0.175	0.222	0.190
>KCACGTGMCN	bHLHE40(bHLH)/HepG2-BHLHE40-ChIP-Seq(GSE31477)/Homer	7.068826	0.000000	0	T:0.0(0.00%),B:0.0(0.00%),P:1e0
0.144	0.077	0.458	0.321
0.028	0.970	0.001	0.001
0.997	0.001	0.001	0.001
0.001	0.933	0.001	0.065
0.040	0.001	0.958	0.001
0.001	0.001	0.001	0.997
0.001	0.001	0.997	0.001
0.379	0.430	0.069	0.121
0.193	0.381	0.203	0.223
0.201	0.288	0.221	0.290
>GNCACGTG	BMAL1(bHLH)/Liver-Bmal1-ChIP-Seq(GSE39860)/Homer	4.839624	0.000000	0	T:0.0(0.00%),B:0.0(0.00%),P:1e0
0.209	0.162	0.449	0.180
0.240	0.235	0.249	0.275
0.027	0.961	0.007	0.005
0.984	0.001	0.004	0.011
0.002	0.929	0.001	0.068
0.095	0.019	0.885	0.001
0.008	0.015	0.002	0.975
0.004	0.002	0.960	0.034
>NHAACBGYYV	BMYB(HTH)/Hela-BMYB-ChIP-Seq(GSE27030)/Homer	6.194378	0.000000	0	T:0.0(0.00%),B:0.0(0.00%),P:1e0
0.211	0.282	0.234	0.273
0.310	0.274	0.014	0.402
0.991	0.001	0.001	0.007
0.997	0.001	0.001	0.001
0.008	0.990	0.001	0.001
0.129	0.245	0.303	0.322
0.001	0.001	0.997	0.001
0.209	0.386	0.066	0.339
0.161	0.432	0.004	0.403
0.317	0.234	0.300	0.150
>CNNBRGCGCCCCCTGSTGGC	BORIS(Zf)/K562-CTCFL-ChIP-Seq(GSE32465)/Homer	9.032880	0.000000	0	T:0.0(0.00%),B:0.0(0.00%),P:1e0
0.173	0.416	0.246	0.165
0.226	0.275	0.229	0.270
0.288	0.299	0.259	0.154
0.105	0.320	0.268	0.307
0.334	0.114	0.416	0.136
0.060	0.326	0.554	0.060
0.052	0.562	0.052	0.334
0.037	0.005	0.827	0.131
0.023	0.960	0.013	0.004
0.001	0.997	0.001	0.001
0.245	0.670	0.027	0.058
0.001	0.689	0.001	0.309
0.001	0.997	0.001	0.001
0.050	0.043	0.017	0.890
0.253	0.073	0.525	0.149
0.004	0.418	0.546	0.032
0.172	0.150	0.055	0.623
0.001	0.001	0.997	0.001
0.019	0.063	0.865	0.053
0.192	0.432	0.150	0.226
>ANTTMRCASBNNNGTGYKAAN	Brachyury(T-box)/Mesoendoderm-Brachyury-ChIP-exo(GSE54963)/Homer	7.371120	0.000000	0	T:0.0(0.00%),B:0.0(0.00%),P:1e0
0.402	0.156	0.211	0.231
0.256	0.196	0.221	0.326
0.090	0.251	0.086	0.573
0.020	0.110	0.001	0.869
0.352	0.402	0.166	0.080
0.442	0.065	0.347	0.146
0.001	0.969	0.020	0.010
0.859	0.001	0.085	0.055
0.105	0.482	0.337	0.075
0.171	0.332	0.221	0.276
0.201	0.221	0.241	0.337
0.347	0.221	0.226	0.206
0.231	0.196	0.342	0.231
0.116	0.292	0.502	0.090
0.055	0.070	0.030	0.845
0.001	0.025	0.959	0.015
0.161	0.367	0.055	0.417
0.080	0.196	0.352	0.372
0.904	0.001	0.070	0.025
0.603	0.101	0.206	0.090
0.261	0.236	0.246	0.256
>TATGCWAATBAV	Brn1(POU,Homeobox)/NPC-Brn1-ChIP-Seq(GSE35496)/Homer	8.421134	0.000000	0	T:0.0(0.00%),B:0.0(0.00%),P:1e0
0.199	0.248	0.135	0.419
0.997	0.001	0.001	0.001
0.001	0.001	0.001	0.997
0.001	0.001	0.947	0.051
0.001	0.639	0.135	0.225
0.521	0.001	0.001	0.477
0.882	0.001	0.116	0.001
0.997	0.001	0.001	0.001
0.062	0.032	0.177	0.729
0.111	0.244	0.307	0.338
0.428	0.219	0.137	0.215
0.267	0.209	0.350	0.173
>ATGAATATTC	Brn2(POU,Homeobox)/NPC-Brn2-ChIP-Seq(GSE35496)/Homer	9.454369	0.000000	0	T:0.0(0.00%),B:0.0(0.00%),P:1e0
0.874	0.016	0.012	0.098
0.001	0.007	0.005	0.987
0.064	0.089	0.826	0.021
0.631	0.333	0.001	0.035
0.888	0.003	0.075	0.034
0.010	0.001	0.001	0.988
0.993	0.002	0.003	0.002
0.403	0.012	0.003	0.582
0.056	0.003	0.255	0.686
0.001	0.546	0.213	0.240
>NAGTTTCABTHTGACTNW	bZIP:IRF(bZIP,IRF)/Th17-BatF-ChIP-Seq(GSE39756)/Homer	8.085074	0.000000	0	T:0.0(0.00%),B:0.0(0.00%),P:1e0
0.198	0.300	0.219	0.282
0.495	0.032	0.261	0.212
0.027	0.293	0.547	0.133
0.006	0.023	0.011	0.960
0.008	0.136	0.028	0.828
0.007	0.037	0.004	0.952
0.001	0.956	0.017	0.026
0.636	0.087	0.037	0.240
0.150	0.193	0.315	0.341
0.197	0.029	0.077	0.697
0.318	0.241	0.065	0.376
0.005	0.001	0.002	0.992
0.016	0.148	0.696	0.140
0.840	0.038	0.039	0.083
0.153	0.546	0.266	0.035
0.168	0.056	0.019	0.757
0.208	0.323	0.257	0.212
0.369	0.164	0.173	0.294
>GYMATAAAAH	Cdx2(Homeobox)/mES-Cdx2-ChIP-Seq(GSE14586)/Homer	6.986576	0.000000	0	T:0.0(0.00%),B:0.0(0.00%),P:1e0
0.209	0.058	0.732	0.001
0.001	0.444	0.001	0.554
0.489	0.493	0.001	0.017
0.997	0.001	0.001	0.001
0.001	0.001	0.001	0.997
0.997	0.001	0.001	0.001
0.997	0.001	0.001	0.001
0.997	0.001	0.001	0.001
0.677	0.115	0.073	0.135
0.243	0.285	0.154	0.318
>NGYCATAAAWCH	CDX4(Homeobox)/ZebrafishEmbryos-Cdx4.Myc-ChIP-Seq(GSE48254)/Homer	6.826746	0.000000	0	T:0.0(0.00%),B:0.0(0.00%),P:1e0
0.234	0.275	0.313	0.178
0.243	0.208	0.448	0.102
0.040	0.496	0.034	0.430
0.243	0.493	0.026	0.237
0.609	0.039	0.325	0.027
0.005	0.037	0.003	0.955
0.872	0.013	0.011	0.104
0.950	0.007	0.001	0.042
0.978	0.004	0.001	0.017
0.342	0.177	0.191	0.289
0.213	0.390	0.184	0.213
0.356	0.250	0.165	0.229
>DRTGTTGCAA	CEBP:AP1(bZIP)/ThioMac-CEBPb-ChIP-Seq(GSE21512)/Homer	6.428620	0.000000	0	T:0.0(0.00%),B:0.0(0.00%),P:1e0
0.290	0.093	0.336	0.281
0.464	0.160	0.356	0.020
0.016	0.001	0.006	0.977
0.045	0.001	0.921	0.033
0.378	0.003	0.001	0.618
0.081	0.049	0.117	0.753
0.004	0.001	0.994	0.001
0.063	0.867	0.001	0.069
0.997	0.001	0.001	0.001
0.987	0.009	0.001	0.003
>NTNATGCAAYMNNHTGMAAY	CEBP:CEBP(bZIP)/MEF-Chop-ChIP-Seq(GSE35681)/Homer	9.053532	0.000000	0	T:0.0(0.00%),B:0.0(0.00%),P:1e0
0.319	0.276	0.211	0.195
0.219	0.189	0.157	0.435
0.281	0.178	0.246	0.295
0.408	0.184	0.195	0.214
0.108	0.046	0.146	0.700
0.001	0.001	0.967	0.031
0.202	0.673	0.001	0.124
0.997	0.001	0.001	0.001
0.967	0.001	0.031	0.001
0.011	0.327	0.186	0.476
0.381	0.362	0.119	0.138
0.216	0.232	0.308	0.243
0.268	0.232	0.268	0.232
0.359	0.227	0.192	0.222
0.262	0.016	0.124	0.598
0.001	0.002	0.995	0.002
0.362	0.462	0.008	0.168
0.973	0.021	0.005	0.001
0.983	0.001	0.001	0.015
0.078	0.295	0.189	0.438
>ATTGCGCAAC	CEBP(bZIP)/ThioMac-CEBPb-ChIP-Seq(GSE21512)/Homer	6.128409	0.000000	0	T:0.0(0.00%),B:0.0(0.00%),P:1e0
0.811	0.102	0.061	0.026
0.001	0.003	0.001	0.995
0.001	0.001	0.026	0.972
0.104	0.001	0.795	0.100
0.076	0.625	0.055	0.244
0.192	0.061	0.643	0.104
0.102	0.757	0.003	0.138
0.971	0.027	0.001	0.001
0.993	0.001	0.005	0.001
0.037	0.663	0.143	0.157
>ATTGCATCAT	Chop(bZIP)/MEF-Chop-ChIP-Seq(GSE35681)/Homer	7.626492	0.000000	0	T:0.0(0.00%),B:0.0(0.00%),P:1e0
0.503	0.160	0.298	0.039
0.009	0.008	0.006	0.977
0.003	0.004	0.024	0.969
0.250	0.004	0.546	0.200
0.027	0.963	0.002	0.008
0.929	0.016	0.050	0.005
0.040	0.024	0.011	0.925
0.015	0.966	0.012	0.007
0.957	0.008	0.030	0.005
0.019	0.145	0.338	0.499
>SRGTTTCAAA	CHR(?)/Hela-CellCycle-Expression/Homer	7.763324	0.000000	0	T:0.0(0.00%),B:0.0(0.00%),P:1e0
0.233	0.453	0.313	0.001
0.408	0.051	0.540	0.001
0.172	0.051	0.582	0.195
0.283	0.073	0.035	0.609
0.001	0.012	0.001	0.986
0.012	0.001	0.001	0.986
0.001	0.679	0.185	0.135
0.997	0.001	0.001	0.001
0.997	0.001	0.001	0.001
0.986	0.012	0.001	0.001
>GHCACGTG	CLOCK(bHLH)/Liver-Clock-ChIP-Seq(GSE39860)/Homer	6.340065	0.000000	0	T:0.0(0.00%),B:0.0(0.00%),P:1e0
0.232	0.131	0.488	0.150
0.292	0.219	0.164	0.324
0.020	0.935	0.018	0.027
0.980	0.001	0.006	0.013
0.001	0.949	0.001	0.049
0.076	0.013	0.910	0.001
0.008	0.016	0.001	0.975
0.029	0.012	0.942	0.017
>VCCACGTG	c-Myc(bHLH)/LNCAP-cMyc-ChIP-Seq(Unpublished)/Homer	6.613495	0.000000	0	T:0.0(0.00%),B:0.0(0.00%),P:1e0
0.327	0.218	0.319	0.135
0.115	0.600	0.224	0.061
0.022	0.949	0.017	0.012
0.890	0.001	0.094	0.015
0.001	0.996	0.001	0.002
0.001	0.001	0.997	0.001
0.002	0.080	0.001	0.917
0.013	0.008	0.953	0.026
>VVCCACGTGG	c-Myc(bHLH)/mES-cMyc-ChIP-Seq(GSE11431)/Homer	6.808840	0.000000	0	T:0.0(0.00%),B:0.0(0.00%),P:1e0
0.251	0.225	0.369	0.155
0.311	0.197	0.336	0.156
0.138	0.504	0.336	0.022
0.001	0.997	0.001	0.001
0.992	0.001	0.006	0.001
0.001	0.932	0.001	0.066
0.112	0.001	0.886	0.001
0.001	0.001	0.001	0.997
0.001	0.001	0.997	0.001
0.023	0.320	0.527	0.130
>AGRGGTCA	COUP-TFII(NR)/Artia-Nr2f2-ChIP-Seq(GSE46497)/Homer	5.836879	0.000000	0	T:0.0(0.00%),B:0.0(0.00%),P:1e0
0.466	0.170	0.228	0.136
0.251	0.067	0.650	0.032
0.545	0.005	0.449	0.001
0.001	0.006	0.971	0.022
0.014	0.006	0.965	0.015
0.001	0.015	0.043	0.941
0.014	0.915	0.031	0.040
0.945	0.001	0.053	0.001
>CSGTGACGTCAC	CRE(bZIP)/Promoter/Homer	5.918254	0.000000	0	T:0.0(0.00%),B:0.0(0.00%),P:1e0
0.089	0.490	0.225	0.196
0.077	0.378	0.437	0.109
0.067	0.308	0.604	0.021
0.001	0.030	0.001	0.968
0.001	0.203	0.795	0.001
0.981	0.001	0.017	0.001
0.001	0.976	0.001	0.022
0.023	0.001	0.975	0.001
0.001	0.027	0.001	0.971
0.001	0.800	0.198	0.001
0.977	0.001	0.021	0.001
0.005	0.649	0.281	0.065
>GCTAATCC	CRX(Homeobox)/Retina-Crx-ChIP-Seq(GSE20012)/Homer	4.852430	0.000000	0	T:0.0(0.00%),B:0.0(0.00%),P:1e0
0.148	0.245	0.445	0.162
0.132	0.528	0.062	0.278
0.022	0.004	0.001	0.973
0.890	0.003	0.023	0.084
0.975	0.011	0.006	0.008
0.001	0.006	0.183	0.810
0.001	0.978	0.016	0.005
0.012	0.753	0.013	0.222
>AYAGTGCCMYCTRGTGGCCA	CTCF(Zf)/CD4+-CTCF-ChIP-Seq(Barski_et_al.)/Homer	8.704837	0.000000	0	T:0.0(0.00%),B:0.0(0.00%),P:1e0
0.447	0.221	0.181	0.151
0.037	0.340	0.236	0.386
0.499	0.061	0.330	0.110
0.033	0.377	0.529	0.061
0.023	0.378	0.005	0.594
0.061	0.005	0.887	0.047
0.079	0.906	0.005	0.010
0.002	0.994	0.001	0.003
0.502	0.475	0.007	0.016
0.002	0.527	0.004	0.467
0.003	0.995	0.001	0.001
0.030	0.036	0.004	0.930
0.382	0.042	0.446	0.130
0.020	0.273	0.686	0.021
0.047	0.039	0.014	0.900
0.002	0.001	0.995	0.002
0.040	0.034	0.873	0.053
0.161	0.528	0.061	0.250
0.277	0.428	0.117	0.178
0.541	0.092	0.267	0.100
>TGCAGTTCCMVNWRTGGCCA	CTCF-SatelliteElement(Zf?)/CD4+-CTCF-ChIP-Seq(Barski_et_al.)/Homer	11.159698	0.000000	0	T:0.0(0.00%),B:0.0(0.00%),P:1e0
0.051	0.010	0.033	0.906
0.003	0.005	0.991	0.001
0.015	0.930	0.001	0.054
0.935	0.008	0.001	0.056
0.203	0.064	0.707	0.026
0.023	0.023	0.018	0.936
0.244	0.041	0.165	0.550
0.049	0.905	0.013	0.033
0.090	0.738	0.005	0.167
0.373	0.329	0.136	0.162
0.380	0.254	0.260	0.105
0.303	0.314	0.208	0.175
0.398	0.149	0.152	0.301
0.293	0.157	0.378	0.172
0.051	0.319	0.044	0.586
0.275	0.057	0.516	0.152
0.244	0.041	0.638	0.077
0.041	0.951	0.003	0.005
0.001	0.995	0.001	0.003
0.928	0.003	0.015	0.054
>HNRAATCAAT	Cux2(Homeobox)/Liver-Cux2-ChIP-Seq(GSE35985)/Homer	6.359094	0.000000	0	T:0.0(0.00%),B:0.0(0.00%),P:1e0
0.354	0.210	0.193	0.242
0.167	0.218	0.311	0.303
0.373	0.213	0.224	0.190
0.632	0.001	0.361	0.006
0.959	0.001	0.039	0.001
0.001	0.001	0.024	0.974
0.008	0.964	0.027	0.001
0.773	0.001	0.225	0.001
0.997	0.001	0.001	0.001
0.014	0.001	0.001	0.984
>ACTYKNATTCGTGNTACTTC	Mouse_Recombination_Hotspot(Zf)/Testis-DMC1-ChIP-Seq(GSE24438)/Homer	9.682136	0.000000	0	T:0.0(0.00%),B:0.0(0.00%),P:1e0
0.482	0.109	0.229	0.180
0.257	0.535	0.088	0.120
0.107	0.256	0.001	0.636
0.036	0.527	0.055	0.382
0.225	0.156	0.238	0.382
0.331	0.287	0.197	0.185
0.676	0.080	0.162	0.082
0.037	0.146	0.314	0.503
0.005	0.010	0.006	0.979
0.009	0.613	0.001	0.377
0.199	0.170	0.438	0.193
0.319	0.001	0.057	0.623
0.001	0.001	0.997	0.001
0.212	0.272	0.262	0.255
0.030	0.053	0.018	0.899
0.559	0.026	0.372	0.043
0.008	0.964	0.002	0.026
0.032	0.075	0.001	0.892
0.030	0.071	0.030	0.869
0.250	0.427	0.060	0.263
>TWGHWACAWTGTWDC	DMRT1(DM)/Testis-DMRT1-ChIP-Seq(GSE64892)/Homer	7.680355	0.000000	0	T:0.0(0.00%),B:0.0(0.00%),P:1e0
0.242	0.178	0.144	0.436
0.292	0.057	0.239	0.412
0.105	0.042	0.757	0.096
0.362	0.273	0.044	0.322
0.346	0.115	0.061	0.478
0.916	0.008	0.013	0.063
0.054	0.848	0.040	0.058
0.688	0.027	0.006	0.279
0.387	0.097	0.108	0.408
0.273	0.009	0.034	0.684
0.068	0.042	0.826	0.064
0.053	0.011	0.014	0.922
0.459	0.068	0.128	0.345
0.302	0.057	0.272	0.370
0.106	0.722	0.053	0.119
>YDGHTACAWTGTADC	DMRT6(DM)/Testis-DMRT6-ChIP-Seq(GSE60440)/Homer	7.818314	0.000000	0	T:0.0(0.00%),B:0.0(0.00%),P:1e0
0.208	0.219	0.205	0.367
0.307	0.056	0.261	0.376
0.087	0.044	0.778	0.091
0.372	0.284	0.044	0.300
0.286	0.132	0.051	0.531
0.957	0.001	0.002	0.040
0.033	0.867	0.047	0.053
0.689	0.036	0.008	0.267
0.390	0.109	0.100	0.401
0.270	0.004	0.031	0.695
0.039	0.049	0.882	0.030
0.040	0.003	0.001	0.956
0.502	0.054	0.119	0.325
0.272	0.054	0.292	0.382
0.084	0.748	0.053	0.115
>AGGTCAAGGTCA	RAR:RXR(NR),DR5/ES-RAR-ChIP-Seq(GSE56893)/Homer	9.389522	0.000000	0	T:0.0(0.00%),B:0.0(0.00%),P:1e0
0.662	0.057	0.280	0.001
0.001	0.001	0.985	0.013
0.014	0.001	0.630	0.355
0.001	0.068	0.035	0.896
0.029	0.910	0.029	0.032
0.997	0.001	0.001	0.001
0.860	0.001	0.138	0.001
0.117	0.001	0.881	0.001
0.001	0.011	0.888	0.100
0.257	0.138	0.190	0.415
0.071	0.639	0.189	0.101
0.602	0.032	0.246	0.120
>RGGTCADNNAGAGGTCAV	RAR:RXR(NR),DR5/ES-RAR-ChIP-Seq(GSE56893)/Homer	11.193397	0.000000	0	T:0.0(0.00%),B:0.0(0.00%),P:1e0
0.509	0.001	0.489	0.001
0.019	0.001	0.961	0.019
0.001	0.001	0.803	0.195
0.001	0.058	0.117	0.824
0.001	0.823	0.137	0.039
0.921	0.001	0.039	0.039
0.216	0.157	0.353	0.274
0.235	0.255	0.313	0.196
0.196	0.314	0.274	0.216
0.412	0.196	0.157	0.235
0.236	0.255	0.431	0.078
0.744	0.001	0.254	0.001
0.038	0.001	0.960	0.001
0.001	0.001	0.764	0.234
0.079	0.117	0.177	0.627
0.001	0.882	0.116	0.001
0.997	0.001	0.001	0.001
0.216	0.352	0.295	0.137
>NWTAAYCYAATCAWN	DUX4(Homeobox)/Myoblasts-DUX4.V5-ChIP-Seq(GSE75791)/Homer	10.359381	0.000000	0	T:0.0(0.00%),B:0.0(0.00%),P:1e0
0.217	0.191	0.298	0.294
0.318	0.192	0.144	0.345
0.233	0.049	0.055	0.663
0.997	0.001	0.001	0.001
0.997	0.001	0.001	0.001
0.202	0.410	0.091	0.298
0.001	0.474	0.208	0.318
0.001	0.433	0.001	0.565
0.997	0.001	0.001	0.001
0.997	0.001	0.001	0.001
0.001	0.001	0.001	0.997
0.001	0.910	0.001	0.088
0.863	0.001	0.001	0.135
0.384	0.127	0.166	0.322
0.267	0.264	0.190	0.279
>DNRCAGCTGY	E2A(bHLH)/proBcell-E2A-ChIP-Seq(GSE21978)/Homer	6.427207	0.000000	0	T:0.0(0.00%),B:0.0(0.00%),P:1e0
0.352	0.171	0.238	0.239
0.292	0.294	0.253	0.161
0.428	0.218	0.353	0.001
0.001	0.997	0.001	0.001
0.997	0.001	0.001	0.001
0.001	0.238	0.753	0.008
0.001	0.871	0.127	0.001
0.001	0.001	0.001	0.997
0.001	0.001	0.997	0.001
0.007	0.476	0.178	0.339
>CWGGCGGGAA	E2F1(E2F)/Hela-E2F1-ChIP-Seq(GSE22478)/Homer	7.531299	0.000000	0	T:0.0(0.00%),B:0.0(0.00%),P:1e0
0.213	0.423	0.224	0.141
0.256	0.158	0.210	0.376
0.062	0.147	0.789	0.002
0.002	0.002	0.994	0.002
0.002	0.994	0.002	0.002
0.002	0.002	0.994	0.002
0.002	0.080	0.916	0.002
0.002	0.015	0.981	0.002
0.994	0.002	0.002	0.002
0.948	0.002	0.048	0.002
>BTKGGCGGGAAA	E2F3(E2F)/MEF-E2F3-ChIP-Seq(GSE71376)/Homer	6.827446	0.000000	0	T:0.0(0.00%),B:0.0(0.00%),P:1e0
0.045	0.269	0.367	0.319
0.144	0.150	0.166	0.540
0.163	0.127	0.358	0.352
0.013	0.159	0.807	0.021
0.001	0.032	0.966	0.001
0.069	0.909	0.021	0.001
0.001	0.001	0.997	0.001
0.001	0.164	0.834	0.001
0.021	0.090	0.868	0.021
0.845	0.099	0.035	0.021
0.655	0.001	0.180	0.164
0.413	0.172	0.172	0.243
>GGCGGGAAAH	E2F4(E2F)/K562-E2F4-ChIP-Seq(GSE31477)/Homer	6.580958	0.000000	0	T:0.0(0.00%),B:0.0(0.00%),P:1e0
0.173	0.303	0.508	0.016
0.015	0.051	0.933	0.001
0.032	0.966	0.001	0.001
0.001	0.153	0.845	0.001
0.009	0.323	0.667	0.001
0.103	0.150	0.698	0.049
0.815	0.079	0.036	0.070
0.719	0.073	0.122	0.086
0.550	0.101	0.165	0.184
0.260	0.264	0.087	0.389
>GGCGGGAARN	E2F6(E2F)/Hela-E2F6-ChIP-Seq(GSE31477)/Homer	7.148914	0.000000	0	T:0.0(0.00%),B:0.0(0.00%),P:1e0
0.254	0.262	0.434	0.051
0.034	0.040	0.922	0.004
0.137	0.732	0.027	0.104
0.010	0.142	0.819	0.029
0.060	0.061	0.768	0.111
0.044	0.063	0.867	0.026
0.937	0.012	0.050	0.001
0.617	0.046	0.262	0.075
0.372	0.175	0.289	0.164
0.200	0.257	0.300	0.243
>VDTTTCCCGCCA	E2F7(E2F)/Hela-E2F7-ChIP-Seq(GSE32673)/Homer	8.690744	0.000000	0	T:0.0(0.00%),B:0.0(0.00%),P:1e0
0.208	0.350	0.276	0.166
0.290	0.171	0.215	0.323
0.104	0.105	0.179	0.612
0.001	0.152	0.001	0.846
0.001	0.037	0.001	0.961
0.001	0.997	0.001	0.001
0.001	0.730	0.268	0.001
0.001	0.997	0.001	0.001
0.001	0.001	0.987	0.011
0.001	0.978	0.020	0.001
0.001	0.653	0.284	0.062
0.410	0.222	0.140	0.228
>TTSGCGCGAAAA	E2F(E2F)/Hela-CellCycle-Expression/Homer	8.486500	0.000000	0	T:0.0(0.00%),B:0.0(0.00%),P:1e0
0.035	0.275	0.114	0.576
0.001	0.169	0.106	0.724
0.035	0.537	0.427	0.001
0.001	0.274	0.724	0.001
0.001	0.997	0.001	0.001
0.001	0.001	0.997	0.001
0.001	0.598	0.400	0.001
0.001	0.239	0.759	0.001
0.882	0.050	0.051	0.017
0.929	0.001	0.069	0.001
0.917	0.017	0.065	0.001
0.530	0.084	0.264	0.122
>NVCACCTGBN	E2A(bHLH),near_PU.1/Bcell-PU.1-ChIP-Seq(GSE21512)/Homer	7.417520	0.000000	0	T:0.0(0.00%),B:0.0(0.00%),P:1e0
0.218	0.303	0.259	0.220
0.316	0.261	0.257	0.166
0.001	0.997	0.001	0.001
0.997	0.001	0.001	0.001
0.001	0.997	0.001	0.001
0.001	0.997	0.001	0.001
0.001	0.001	0.001	0.997
0.001	0.001	0.997	0.001
0.135	0.370	0.251	0.244
0.279	0.268	0.213	0.240
>DGTCCCYRGGGA	EBF(EBF)/proBcell-EBF-ChIP-Seq(GSE21978)/Homer	8.590014	0.000000	0	T:0.0(0.00%),B:0.0(0.00%),P:1e0
0.287	0.122	0.352	0.240
0.076	0.283	0.458	0.182
0.005	0.160	0.001	0.834
0.001	0.997	0.001	0.001
0.001	0.845	0.001	0.153
0.001	0.997	0.001	0.001
0.227	0.348	0.032	0.393
0.396	0.024	0.347	0.233
0.001	0.001	0.997	0.001
0.117	0.001	0.881	0.001
0.001	0.001	0.997	0.001
0.849	0.001	0.133	0.017
>GTCCCCWGGGGA	EBF1(EBF)/Near-E2A-ChIP-Seq(GSE21512)/Homer	6.752028	0.000000	0	T:0.0(0.00%),B:0.0(0.00%),P:1e0
0.184	0.170	0.443	0.203
0.067	0.170	0.263	0.500
0.021	0.618	0.075	0.286
0.012	0.930	0.001	0.057
0.021	0.862	0.001	0.116
0.038	0.917	0.001	0.044
0.537	0.055	0.003	0.405
0.146	0.006	0.770	0.078
0.179	0.001	0.794	0.026
0.019	0.001	0.979	0.001
0.210	0.045	0.724	0.021
0.500	0.204	0.242	0.054
>GGYAGCAYDTGCTDCCCNNN	EBNA1(EBV-virus)/Raji-EBNA1-ChIP-Seq(GSE30709)/Homer	11.187041	0.000000	0	T:0.0(0.00%),B:0.0(0.00%),P:1e0
0.001	0.001	0.997	0.001
0.235	0.001	0.763	0.001
0.218	0.390	0.003	0.389
0.997	0.001	0.001	0.001
0.011	0.001	0.987	0.001
0.007	0.623	0.144	0.226
0.691	0.174	0.110	0.025
0.181	0.282	0.107	0.430
0.377	0.122	0.238	0.263
0.037	0.124	0.130	0.709
0.246	0.196	0.550	0.008
0.001	0.976	0.001	0.022
0.001	0.001	0.001	0.997
0.383	0.001	0.363	0.253
0.001	0.760	0.001	0.238
0.001	0.997	0.001	0.001
0.181	0.555	0.033	0.231
0.286	0.198	0.231	0.285
0.245	0.224	0.337	0.194
0.248	0.261	0.268	0.223
>SSGGTCACGTGA	E-box(bHLH)/Promoter/Homer	8.816220	0.000000	0	T:0.0(0.00%),B:0.0(0.00%),P:1e0
0.050	0.498	0.381	0.070
0.104	0.417	0.369	0.110
0.070	0.234	0.602	0.094
0.073	0.122	0.795	0.010
0.008	0.127	0.030	0.835
0.001	0.997	0.001	0.001
0.989	0.004	0.002	0.005
0.002	0.931	0.003	0.064
0.105	0.022	0.872	0.001
0.002	0.002	0.001	0.995
0.001	0.001	0.997	0.001
0.726	0.047	0.223	0.004
>TGCGTGGGYG	Egr1(Zf)/K562-Egr1-ChIP-Seq(GSE32465)/Homer	7.353296	0.000000	0	T:0.0(0.00%),B:0.0(0.00%),P:1e0
0.128	0.072	0.142	0.658
0.078	0.036	0.882	0.004
0.154	0.523	0.023	0.300
0.001	0.001	0.997	0.001
0.001	0.001	0.282	0.716
0.027	0.001	0.971	0.001
0.001	0.002	0.973	0.024
0.001	0.001	0.997	0.001
0.153	0.415	0.010	0.422
0.034	0.002	0.940	0.024
>NGCGTGGGCGGR	Egr2(Zf)/Thymocytes-Egr2-ChIP-Seq(GSE34254)/Homer	9.168701	0.000000	0	T:0.0(0.00%),B:0.0(0.00%),P:1e0
0.216	0.231	0.231	0.322
0.114	0.182	0.678	0.026
0.158	0.552	0.035	0.255
0.001	0.001	0.997	0.001
0.001	0.001	0.137	0.861
0.055	0.001	0.943	0.001
0.001	0.001	0.997	0.001
0.001	0.001	0.997	0.001
0.159	0.587	0.001	0.253
0.032	0.001	0.953	0.014
0.092	0.066	0.513	0.329
0.248	0.192	0.357	0.204
>AVCAGGAAGT	EHF(ETS)/LoVo-EHF-ChIP-Seq(GSE49402)/Homer	7.212794	0.000000	0	T:0.0(0.00%),B:0.0(0.00%),P:1e0
0.627	0.005	0.123	0.245
0.226	0.372	0.241	0.161
0.258	0.474	0.267	0.001
0.625	0.356	0.018	0.001
0.001	0.001	0.997	0.001
0.004	0.001	0.994	0.001
0.997	0.001	0.001	0.001
0.997	0.001	0.001	0.001
0.288	0.028	0.683	0.001
0.132	0.185	0.066	0.617
>NWGGGTGTGGCY	EKLF(Zf)/Erythrocyte-Klf1-ChIP-Seq(GSE20478)/Homer	9.250875	0.000000	0	T:0.0(0.00%),B:0.0(0.00%),P:1e0
0.268	0.306	0.230	0.195
0.402	0.001	0.051	0.546
0.001	0.001	0.997	0.001
0.001	0.001	0.997	0.001
0.001	0.001	0.997	0.001
0.035	0.049	0.001	0.915
0.001	0.001	0.997	0.001
0.001	0.001	0.155	0.843
0.001	0.001	0.997	0.001
0.047	0.054	0.782	0.117
0.039	0.629	0.024	0.308
0.168	0.411	0.067	0.354
>AVCCGGAAGT	ELF1(ETS)/Jurkat-ELF1-ChIP-Seq(SRA014231)/Homer	6.819311	0.000000	0	T:0.0(0.00%),B:0.0(0.00%),P:1e0
0.494	0.156	0.189	0.161
0.358	0.289	0.249	0.105
0.058	0.717	0.201	0.024
0.092	0.889	0.011	0.008
0.007	0.012	0.979	0.002
0.012	0.011	0.969	0.008
0.961	0.008	0.016	0.015
0.960	0.014	0.008	0.018
0.085	0.062	0.833	0.020
0.099	0.241	0.049	0.611
>ANCAGGAAGT	ELF3(ETS)/PDAC-ELF3-ChIP-Seq(GSE64557)/Homer	7.586080	0.000000	0	T:0.0(0.00%),B:0.0(0.00%),P:1e0
0.777	0.014	0.038	0.171
0.246	0.324	0.242	0.188
0.266	0.451	0.280	0.003
0.899	0.083	0.016	0.002
0.001	0.001	0.997	0.001
0.001	0.001	0.997	0.001
0.997	0.001	0.001	0.001
0.992	0.001	0.001	0.006
0.199	0.027	0.773	0.001
0.051	0.126	0.031	0.792
>ACVAGGAAGT	ELF5(ETS)/T47D-ELF5-ChIP-Seq(GSE30407)/Homer	6.854302	0.000000	0	T:0.0(0.00%),B:0.0(0.00%),P:1e0
0.891	0.009	0.005	0.095
0.125	0.478	0.139	0.258
0.270	0.345	0.376	0.008
0.611	0.333	0.048	0.008
0.006	0.021	0.967	0.006
0.025	0.012	0.952	0.011
0.974	0.010	0.005	0.011
0.982	0.007	0.010	0.001
0.082	0.025	0.889	0.004
0.003	0.089	0.028	0.880
>HACTTCCGGY	Elk1(ETS)/Hela-Elk1-ChIP-Seq(GSE31477)/Homer	6.721832	0.000000	0	T:0.0(0.00%),B:0.0(0.00%),P:1e0
0.204	0.342	0.189	0.265
0.484	0.138	0.248	0.130
0.041	0.529	0.166	0.264
0.098	0.010	0.022	0.870
0.031	0.021	0.024	0.924
0.009	0.969	0.010	0.012
0.004	0.974	0.016	0.006
0.005	0.013	0.827	0.155
0.074	0.157	0.630	0.139
0.189	0.305	0.147	0.359
>NRYTTCCGGY	Elk4(ETS)/Hela-Elk4-ChIP-Seq(GSE31477)/Homer	6.656901	0.000000	0	T:0.0(0.00%),B:0.0(0.00%),P:1e0
0.245	0.301	0.189	0.266
0.451	0.072	0.355	0.122
0.019	0.405	0.180	0.396
0.200	0.001	0.007	0.792
0.029	0.001	0.009	0.961
0.013	0.972	0.002	0.013
0.001	0.996	0.001	0.002
0.001	0.006	0.879	0.114
0.065	0.135	0.674	0.126
0.186	0.252	0.195	0.368
>ATTAACACCT	Eomes(T-box)/H9-Eomes-ChIP-Seq(GSE26097)/Homer	5.436848	0.000000	0	T:0.0(0.00%),B:0.0(0.00%),P:1e0
0.463	0.190	0.149	0.198
0.038	0.063	0.016	0.883
0.006	0.028	0.001	0.965
0.572	0.342	0.047	0.039
0.563	0.018	0.149	0.270
0.001	0.996	0.001	0.002
0.947	0.008	0.008	0.037
0.026	0.856	0.117	0.001
0.093	0.695	0.017	0.195
0.096	0.117	0.007	0.780
>VAGGTCACNSTGACC	ERE(NR),IR3/MCF7-ERa-ChIP-Seq(Unpublished)/Homer	7.666577	0.000000	0	T:0.0(0.00%),B:0.0(0.00%),P:1e0
0.353	0.257	0.221	0.168
0.664	0.016	0.268	0.052
0.060	0.001	0.801	0.138
0.028	0.004	0.950	0.018
0.057	0.033	0.154	0.756
0.001	0.928	0.031	0.040
0.934	0.007	0.026	0.033
0.144	0.421	0.262	0.173
0.219	0.308	0.251	0.222
0.166	0.283	0.387	0.164
0.037	0.015	0.007	0.941
0.042	0.024	0.933	0.001
0.729	0.164	0.038	0.069
0.022	0.933	0.005	0.040
0.158	0.763	0.001	0.078
>ACAGGAAGTG	ERG(ETS)/VCaP-ERG-ChIP-Seq(GSE14097)/Homer	6.433411	0.000000	0	T:0.0(0.00%),B:0.0(0.00%),P:1e0
0.535	0.119	0.250	0.096
0.050	0.877	0.072	0.001
0.810	0.188	0.001	0.001
0.001	0.001	0.997	0.001
0.001	0.001	0.997	0.001
0.997	0.001	0.001	0.001
0.964	0.001	0.001	0.034
0.330	0.001	0.668	0.001
0.034	0.272	0.062	0.632
0.267	0.160	0.437	0.136
>CAAAGGTCAG	Erra(NR)/HepG2-Erra-ChIP-Seq(GSE31477)/Homer	5.749423	0.000000	0	T:0.0(0.00%),B:0.0(0.00%),P:1e0
0.023	0.791	0.047	0.139
0.603	0.358	0.028	0.011
0.682	0.021	0.288	0.009
0.877	0.001	0.118	0.004
0.001	0.001	0.997	0.001
0.015	0.011	0.815	0.159
0.025	0.139	0.176	0.660
0.001	0.985	0.010	0.004
0.971	0.013	0.008	0.008
0.149	0.267	0.491	0.094
>CACAGCAGGGGG	Unknown-ESC-element(?)/mES-Nanog-ChIP-Seq(GSE11724)/Homer	7.697673	0.000000	0	T:0.0(0.00%),B:0.0(0.00%),P:1e0
0.120	0.837	0.034	0.009
0.481	0.232	0.014	0.273
0.014	0.983	0.002	0.001
0.920	0.003	0.011	0.066
0.020	0.018	0.953	0.009
0.008	0.943	0.005	0.044
0.875	0.001	0.042	0.082
0.028	0.001	0.921	0.050
0.002	0.001	0.993	0.004
0.302	0.062	0.504	0.132
0.282	0.036	0.519	0.163
0.233	0.129	0.501	0.137
>KTGACCTTGA	Esrrb(NR)/mES-Esrrb-ChIP-Seq(GSE11431)/Homer	7.149281	0.000000	0	T:0.0(0.00%),B:0.0(0.00%),P:1e0
0.202	0.185	0.376	0.237
0.010	0.072	0.012	0.906
0.032	0.070	0.893	0.005
0.865	0.070	0.015	0.050
0.014	0.969	0.008	0.009
0.010	0.961	0.024	0.005
0.009	0.032	0.023	0.936
0.014	0.144	0.012	0.830
0.038	0.196	0.611	0.155
0.483	0.135	0.295	0.087
>ACAGGAAGTG	ETS1(ETS)/Jurkat-ETS1-ChIP-Seq(GSE17954)/Homer	6.525370	0.000000	0	T:0.0(0.00%),B:0.0(0.00%),P:1e0
0.539	0.088	0.332	0.041
0.093	0.722	0.181	0.004
0.719	0.272	0.008	0.001
0.001	0.001	0.997	0.001
0.001	0.001	0.997	0.001
0.997	0.001	0.001	0.001
0.869	0.001	0.001	0.129
0.116	0.001	0.882	0.001
0.024	0.137	0.001	0.838
0.112	0.128	0.654	0.106
>MACAGGAAGT	Ets1-distal(ETS)/CD4+-PolII-ChIP-Seq(Barski_et_al.)/Homer	8.637957	0.000000	0	T:0.0(0.00%),B:0.0(0.00%),P:1e0
0.453	0.329	0.213	0.005
0.864	0.001	0.079	0.056
0.001	0.859	0.093	0.047
0.967	0.031	0.001	0.001
0.001	0.001	0.997	0.001
0.001	0.001	0.997	0.001
0.976	0.001	0.001	0.022
0.821	0.001	0.001	0.177
0.262	0.001	0.736	0.001
0.002	0.254	0.030	0.714
>AGGAARCAGCTG	ETS:E-box(ETS,bHLH)/HPC7-Scl-ChIP-Seq(GSE22178)/Homer	10.015277	0.000000	0	T:0.0(0.00%),B:0.0(0.00%),P:1e0
0.895	0.032	0.072	0.001
0.001	0.001	0.997	0.001
0.001	0.001	0.997	0.001
0.997	0.001	0.001	0.001
0.889	0.003	0.032	0.076
0.546	0.018	0.435	0.001
0.001	0.997	0.001	0.001
0.965	0.001	0.033	0.001
0.014	0.209	0.573	0.204
0.311	0.650	0.011	0.028
0.053	0.023	0.016	0.908
0.039	0.010	0.854	0.097
>AACCGGAAGT	ETS(ETS)/Promoter/Homer	7.147950	0.000000	0	T:0.0(0.00%),B:0.0(0.00%),P:1e0
0.489	0.205	0.188	0.117
0.499	0.210	0.246	0.045
0.034	0.788	0.159	0.019
0.086	0.895	0.005	0.014
0.006	0.003	0.989	0.002
0.012	0.003	0.982	0.003
0.990	0.005	0.002	0.003
0.978	0.007	0.003	0.012
0.049	0.022	0.923	0.006
0.040	0.157	0.016	0.787
>RCAGGATGTGGT	ETS:RUNX(ETS,Runt)/Jurkat-RUNX1-ChIP-Seq(GSE17954)/Homer	8.581039	0.000000	0	T:0.0(0.00%),B:0.0(0.00%),P:1e0
0.456	0.109	0.328	0.107
0.231	0.505	0.263	0.001
0.904	0.085	0.001	0.010
0.001	0.001	0.997	0.001
0.007	0.001	0.991	0.001
0.997	0.001	0.001	0.001
0.412	0.001	0.001	0.586
0.001	0.001	0.997	0.001
0.001	0.001	0.001	0.997
0.001	0.001	0.997	0.001
0.001	0.001	0.997	0.001
0.001	0.192	0.263	0.544
>AACCGGAAGT	ETV1(ETS)/GIST48-ETV1-ChIP-Seq(GSE22441)/Homer	6.285881	0.000000	0	T:0.0(0.00%),B:0.0(0.00%),P:1e0
0.426	0.192	0.247	0.135
0.563	0.108	0.218	0.111
0.081	0.779	0.116	0.024
0.371	0.594	0.023	0.012
0.013	0.012	0.967	0.008
0.014	0.012	0.963	0.011
0.949	0.016	0.016	0.019
0.857	0.020	0.021	0.102
0.148	0.068	0.761	0.023
0.085	0.209	0.101	0.605
>NNAYTTCCTGHN	Etv2(ETS)/ES-ER71-ChIP-Seq(GSE59402)/Homer(0.967)	7.213759	0.000000	0	T:0.0(0.00%),B:0.0(0.00%),P:1e0
0.213	0.301	0.256	0.230
0.170	0.305	0.235	0.290
0.459	0.136	0.266	0.139
0.023	0.475	0.096	0.406
0.273	0.001	0.016	0.710
0.001	0.001	0.001	0.997
0.001	0.997	0.001	0.001
0.001	0.997	0.001	0.001
0.022	0.022	0.378	0.578
0.054	0.241	0.503	0.202
0.214	0.278	0.171	0.336
0.157	0.274	0.275	0.295
>ATTTCCTGTN	EWS:ERG-fusion(ETS)/CADO_ES1-EWS:ERG-ChIP-Seq(SRA014231)/Homer	7.338790	0.000000	0	T:0.0(0.00%),B:0.0(0.00%),P:1e0
0.871	0.009	0.119	0.001
0.001	0.155	0.001	0.843
0.001	0.001	0.001	0.997
0.001	0.001	0.001	0.997
0.001	0.997	0.001	0.001
0.001	0.997	0.001	0.001
0.001	0.001	0.041	0.957
0.001	0.105	0.805	0.089
0.194	0.277	0.053	0.476
0.220	0.269	0.276	0.235
>VACAGGAAAT	EWS:FLI1-fusion(ETS)/SK_N_MC-EWS:FLI1-ChIP-Seq(SRA014231)/Homer	4.875418	0.000000	0	T:0.0(0.00%),B:0.0(0.00%),P:1e0
0.356	0.230	0.227	0.187
0.638	0.001	0.201	0.160
0.001	0.997	0.001	0.001
0.802	0.196	0.001	0.001
0.001	0.001	0.997	0.001
0.001	0.001	0.997	0.001
0.997	0.001	0.001	0.001
0.997	0.001	0.001	0.001
0.644	0.001	0.354	0.001
0.001	0.309	0.001	0.689
>NRYTTCCGGH	Fli1(ETS)/CD8-FLI-ChIP-Seq(GSE20898)/Homer	5.897289	0.000000	0	T:0.0(0.00%),B:0.0(0.00%),P:1e0
0.186	0.329	0.237	0.249
0.395	0.129	0.326	0.150
0.073	0.421	0.134	0.372
0.246	0.029	0.095	0.630
0.070	0.009	0.078	0.843
0.030	0.880	0.001	0.089
0.001	0.941	0.030	0.028
0.063	0.095	0.565	0.277
0.101	0.258	0.460	0.181
0.220	0.295	0.131	0.355
>NATGASTCABNN	Fosl2(bZIP)/3T3L1-Fosl2-ChIP-Seq(GSE56872)/Homer	7.029411	0.000000	0	T:0.0(0.00%),B:0.0(0.00%),P:1e0
0.276	0.202	0.315	0.207
0.430	0.200	0.274	0.096
0.054	0.023	0.033	0.890
0.029	0.062	0.775	0.134
0.788	0.037	0.038	0.137
0.092	0.402	0.437	0.069
0.073	0.075	0.073	0.779
0.136	0.738	0.093	0.033
0.884	0.031	0.029	0.056
0.088	0.265	0.270	0.377
0.235	0.317	0.171	0.277
0.240	0.313	0.247	0.201
>WAAGTAAACA	FOXA1(Forkhead)/LNCAP-FOXA1-ChIP-Seq(GSE27824)/Homer	6.337526	0.000000	0	T:0.0(0.00%),B:0.0(0.00%),P:1e0
0.483	0.026	0.010	0.481
0.644	0.067	0.240	0.049
0.574	0.002	0.111	0.313
0.128	0.001	0.870	0.001
0.001	0.152	0.001	0.846
0.893	0.105	0.001	0.001
0.969	0.029	0.001	0.001
0.997	0.001	0.001	0.001
0.001	0.775	0.001	0.223
0.997	0.001	0.001	0.001
>WAAGTAAACA	FOXA1(Forkhead)/MCF7-FOXA1-ChIP-Seq(GSE26831)/Homer	6.568115	0.000000	0	T:0.0(0.00%),B:0.0(0.00%),P:1e0
0.498	0.005	0.001	0.496
0.681	0.037	0.248	0.034
0.596	0.001	0.096	0.307
0.114	0.001	0.884	0.001
0.001	0.153	0.001	0.845
0.931	0.067	0.001	0.001
0.985	0.013	0.001	0.001
0.997	0.001	0.001	0.001
0.001	0.714	0.001	0.284
0.997	0.001	0.001	0.001
>CYTGTTTACWYW	Foxa2(Forkhead)/Liver-Foxa2-ChIP-Seq(GSE25694)/Homer	6.535409	0.000000	0	T:0.0(0.00%),B:0.0(0.00%),P:1e0
0.101	0.435	0.265	0.199
0.154	0.323	0.146	0.377
0.001	0.001	0.001	0.997
0.180	0.001	0.818	0.001
0.001	0.001	0.001	0.997
0.001	0.001	0.043	0.955
0.001	0.001	0.274	0.724
0.946	0.001	0.052	0.001
0.004	0.983	0.001	0.012
0.441	0.135	0.001	0.423
0.092	0.366	0.139	0.404
0.507	0.025	0.063	0.405
>BSNTGTTTACWYWGN	Foxa3(Forkhead)/Liver-Foxa3-ChIP-Seq(GSE77670)/Homer	8.401028	0.000000	0	T:0.0(0.00%),B:0.0(0.00%),P:1e0
0.137	0.344	0.251	0.268
0.213	0.366	0.224	0.197
0.246	0.246	0.208	0.301
0.001	0.001	0.001	0.997
0.327	0.001	0.671	0.001
0.001	0.001	0.001	0.997
0.001	0.001	0.015	0.983
0.001	0.001	0.299	0.699
0.912	0.001	0.086	0.001
0.001	0.879	0.001	0.119
0.420	0.191	0.001	0.388
0.115	0.371	0.082	0.432
0.481	0.033	0.044	0.443
0.219	0.109	0.497	0.175
0.169	0.257	0.312	0.262
>NNNVCTGWGYAAACASN	Fox:Ebox(Forkhead,bHLH)/Panc1-Foxa2-ChIP-Seq(GSE47459)/Homer	7.010591	0.000000	0	T:0.0(0.00%),B:0.0(0.00%),P:1e0
0.228	0.275	0.269	0.229
0.269	0.205	0.263	0.262
0.225	0.248	0.299	0.229
0.233	0.319	0.323	0.125
0.099	0.617	0.113	0.171
0.360	0.001	0.001	0.638
0.273	0.128	0.571	0.028
0.387	0.001	0.135	0.476
0.097	0.001	0.814	0.088
0.001	0.437	0.016	0.546
0.827	0.156	0.005	0.012
0.706	0.282	0.001	0.011
0.995	0.001	0.001	0.003
0.001	0.843	0.001	0.155
0.997	0.001	0.001	0.001
0.184	0.296	0.351	0.169
0.306	0.205	0.261	0.227
>WWATRTAAACAN	Foxf1(Forkhead)/Lung-Foxf1-ChIP-Seq(GSE77951)/Homer	6.348618	0.000000	0	T:0.0(0.00%),B:0.0(0.00%),P:1e0
0.286	0.197	0.137	0.379
0.295	0.171	0.138	0.396
0.466	0.139	0.238	0.157
0.142	0.144	0.198	0.516
0.552	0.001	0.446	0.001
0.001	0.001	0.001	0.997
0.997	0.001	0.001	0.001
0.997	0.001	0.001	0.001
0.997	0.001	0.001	0.001
0.001	0.938	0.001	0.060
0.984	0.014	0.001	0.001
0.327	0.236	0.208	0.229
>NNTGTGGATTSS	Foxh1(Forkhead)/hESC-FOXH1-ChIP-Seq(GSE29422)/Homer	7.151234	0.000000	0	T:0.0(0.00%),B:0.0(0.00%),P:1e0
0.259	0.191	0.278	0.272
0.241	0.285	0.184	0.291
0.176	0.105	0.064	0.655
0.001	0.001	0.997	0.001
0.001	0.114	0.001	0.884
0.001	0.001	0.809	0.189
0.001	0.001	0.702	0.296
0.997	0.001	0.001	0.001
0.138	0.040	0.021	0.801
0.001	0.051	0.001	0.947
0.166	0.325	0.337	0.172
0.187	0.287	0.381	0.144
>NVWTGTTTAC	FOXK1(Forkhead)/HEK293-FOXK1-ChIP-Seq(GSE51673)/Homer	6.337052	0.000000	0	T:0.0(0.00%),B:0.0(0.00%),P:1e0
0.182	0.295	0.206	0.318
0.234	0.349	0.224	0.193
0.270	0.187	0.193	0.350
0.078	0.012	0.055	0.855
0.142	0.028	0.779	0.051
0.032	0.043	0.063	0.862
0.046	0.008	0.056	0.890
0.024	0.003	0.173	0.800
0.773	0.084	0.051	0.092
0.025	0.611	0.025	0.339
>SCHTGTTTACAT	FOXK2(Forkhead)/U2OS-FOXK2-ChIP-Seq(E-MTAB-2204)/Homer	7.297249	0.000000	0	T:0.0(0.00%),B:0.0(0.00%),P:1e0
0.145	0.329	0.406	0.121
0.111	0.555	0.274	0.060
0.341	0.254	0.113	0.292
0.004	0.001	0.001	0.994
0.095	0.001	0.903	0.001
0.001	0.001	0.001	0.997
0.003	0.001	0.031	0.965
0.002	0.001	0.204	0.793
0.834	0.063	0.008	0.095
0.001	0.794	0.002	0.203
0.471	0.227	0.101	0.201
0.219	0.193	0.122	0.465
