>GTCAGBGTGACC	1-GTCAGBGTGACC	8.862428	-348.924335	0	T:128.0(36.06%),B:537.4(1.12%),P:1e-151	Tpos:96.3,Tstd:50.1,Bpos:97.4,Bstd:71.9,StrandBias:0.2,Multiplicity:1.03
0.033	0.046	0.872	0.049
0.077	0.052	0.116	0.755
0.006	0.922	0.034	0.038
0.844	0.011	0.060	0.085
0.068	0.247	0.478	0.207
0.186	0.357	0.245	0.212
0.140	0.284	0.507	0.069
0.025	0.050	0.019	0.906
0.032	0.075	0.877	0.016
0.795	0.095	0.049	0.061
0.024	0.885	0.053	0.038
0.115	0.804	0.012	0.069
>KCAHDGTGACCT	2-KCAHDGTGACCT	7.814669	-236.906978	0	T:153.0(43.10%),B:2277.9(4.74%),P:1e-102	Tpos:102.6,Tstd:51.2,Bpos:102.0,Bstd:69.7,StrandBias:0.0,Multiplicity:1.08
0.100	0.075	0.481	0.343
0.001	0.761	0.087	0.151
0.507	0.214	0.001	0.278
0.345	0.321	0.017	0.317
0.315	0.166	0.330	0.189
0.262	0.153	0.551	0.034
0.068	0.033	0.001	0.898
0.033	0.033	0.933	0.001
0.942	0.056	0.001	0.001
0.001	0.997	0.001	0.001
0.065	0.933	0.001	0.001
0.001	0.116	0.001	0.882
>AACTGGTTWTGY	3-AACTGGTTWTGY	6.860207	-94.520888	0	T:113.0(31.83%),B:3526.8(7.33%),P:1e-41	Tpos:99.0,Tstd:39.3,Bpos:100.3,Bstd:67.6,StrandBias:-0.1,Multiplicity:1.08
0.637	0.001	0.243	0.119
0.556	0.001	0.319	0.124
0.001	0.997	0.001	0.001
0.290	0.118	0.001	0.591
0.257	0.001	0.594	0.148
0.001	0.001	0.997	0.001
0.001	0.087	0.001	0.911
0.001	0.090	0.029	0.880
0.295	0.244	0.031	0.430
0.238	0.001	0.296	0.465
0.177	0.119	0.543	0.161
0.059	0.446	0.089	0.406
>ATCTTGAATAGG	4-ATCTTGAATAGG	13.758839	-79.087542	0	T:12.0(3.38%),B:1.1(0.00%),P:1e-34	Tpos:92.3,Tstd:31.0,Bpos:66.0,Bstd:47.7,StrandBias:1.0,Multiplicity:1.00
0.997	0.001	0.001	0.001
0.082	0.070	0.001	0.847
0.001	0.997	0.001	0.001
0.001	0.001	0.001	0.997
0.001	0.001	0.001	0.997
0.001	0.001	0.997	0.001
0.997	0.001	0.001	0.001
0.917	0.001	0.081	0.001
0.001	0.081	0.001	0.917
0.997	0.001	0.001	0.001
0.081	0.001	0.917	0.001
0.001	0.001	0.997	0.001
>GCTGGGTAAAAT	5-GCTGGGTAAAAT	13.716907	-74.994765	0	T:15.0(4.23%),B:6.3(0.01%),P:1e-32	Tpos:102.8,Tstd:24.1,Bpos:82.6,Bstd:42.4,StrandBias:0.6,Multiplicity:1.00
0.001	0.069	0.929	0.001
0.069	0.929	0.001	0.001
0.001	0.001	0.001	0.997
0.001	0.001	0.997	0.001
0.001	0.001	0.997	0.001
0.001	0.001	0.997	0.001
0.001	0.001	0.001	0.997
0.997	0.001	0.001	0.001
0.997	0.001	0.001	0.001
0.929	0.069	0.001	0.001
0.929	0.001	0.069	0.001
0.001	0.001	0.001	0.997
>GGGCTGCATTCC	6-GGGCTGCATTCC	13.487921	-74.513875	0	T:19.0(5.35%),B:22.3(0.05%),P:1e-32	Tpos:107.9,Tstd:25.0,Bpos:102.2,Bstd:93.4,StrandBias:0.2,Multiplicity:1.00
0.050	0.001	0.885	0.064
0.001	0.001	0.944	0.054
0.001	0.001	0.935	0.063
0.001	0.997	0.001	0.001
0.001	0.001	0.001	0.997
0.001	0.001	0.997	0.001
0.001	0.997	0.001	0.001
0.997	0.001	0.001	0.001
0.001	0.001	0.001	0.997
0.001	0.001	0.001	0.997
0.001	0.997	0.001	0.001
0.001	0.997	0.001	0.001
>ATTCTTAGTCAC	7-ATTCTTAGTCAC	12.845056	-60.982918	0	T:16.0(4.51%),B:21.3(0.04%),P:1e-26	Tpos:104.6,Tstd:41.1,Bpos:115.8,Bstd:60.1,StrandBias:0.0,Multiplicity:1.00
0.997	0.001	0.001	0.001
0.001	0.001	0.001	0.997
0.001	0.001	0.001	0.997
0.001	0.913	0.085	0.001
0.001	0.001	0.001	0.997
0.299	0.086	0.086	0.529
0.997	0.001	0.001	0.001
0.001	0.001	0.997	0.001
0.001	0.001	0.001	0.997
0.001	0.997	0.001	0.001
0.997	0.001	0.001	0.001
0.001	0.913	0.001	0.085
>AGGCTGAGACCT	8-AGGCTGAGACCT	11.381545	-58.866316	0	T:16.0(4.51%),B:24.7(0.05%),P:1e-25	Tpos:109.0,Tstd:31.5,Bpos:81.6,Bstd:76.2,StrandBias:0.0,Multiplicity:1.00
0.997	0.001	0.001	0.001
0.001	0.001	0.997	0.001
0.001	0.001	0.739	0.259
0.219	0.774	0.001	0.006
0.001	0.001	0.001	0.997
0.012	0.001	0.732	0.255
0.997	0.001	0.001	0.001
0.001	0.001	0.997	0.001
0.997	0.001	0.001	0.001
0.001	0.997	0.001	0.001
0.001	0.997	0.001	0.001
0.001	0.218	0.001	0.780
>GGKYGTCCTGAC	9-GGKYGTCCTGAC	8.380805	-52.432617	0	T:46.0(12.96%),B:950.8(1.98%),P:1e-22	Tpos:103.2,Tstd:42.9,Bpos:101.9,Bstd:70.2,StrandBias:-0.5,Multiplicity:1.02
0.001	0.001	0.997	0.001
0.104	0.104	0.596	0.196
0.104	0.197	0.294	0.405
0.202	0.392	0.001	0.405
0.001	0.001	0.997	0.001
0.196	0.196	0.210	0.398
0.104	0.699	0.001	0.196
0.098	0.607	0.001	0.294
0.001	0.001	0.001	0.997
0.001	0.001	0.997	0.001
0.797	0.098	0.104	0.001
0.001	0.704	0.001	0.294
>GATAAAACAGGT	10-GATAAAACAGGT	9.501220	-51.710907	0	T:29.0(8.17%),B:296.8(0.62%),P:1e-22	Tpos:103.5,Tstd:61.0,Bpos:104.9,Bstd:65.4,StrandBias:0.5,Multiplicity:1.07
0.088	0.001	0.835	0.076
0.794	0.044	0.075	0.087
0.089	0.044	0.069	0.798
0.731	0.037	0.145	0.087
0.868	0.001	0.130	0.001
0.838	0.124	0.037	0.001
0.782	0.130	0.087	0.001
0.001	0.997	0.001	0.001
0.955	0.001	0.001	0.043
0.001	0.001	0.912	0.086
0.001	0.087	0.744	0.168
0.163	0.044	0.044	0.749
>TGTCAGAGGCGT	11-TGTCAGAGGCGT	13.016614	-51.483493	0	T:13.0(3.66%),B:15.8(0.03%),P:1e-22	Tpos:81.6,Tstd:62.1,Bpos:81.2,Bstd:70.0,StrandBias:0.7,Multiplicity:1.00
0.001	0.119	0.001	0.879
0.001	0.001	0.997	0.001
0.001	0.001	0.001	0.997
0.001	0.997	0.001	0.001
0.997	0.001	0.001	0.001
0.119	0.001	0.879	0.001
0.997	0.001	0.001	0.001
0.001	0.001	0.997	0.001
0.119	0.001	0.879	0.001
0.001	0.922	0.001	0.076
0.323	0.120	0.556	0.001
0.001	0.001	0.001	0.997
>AGGATGAGATAG	12-AGGATGAGATAG	13.279280	-48.732971	0	T:14.0(3.94%),B:26.5(0.06%),P:1e-21	Tpos:116.5,Tstd:43.6,Bpos:105.4,Bstd:48.1,StrandBias:0.4,Multiplicity:1.00
0.997	0.001	0.001	0.001
0.101	0.001	0.897	0.001
0.001	0.101	0.897	0.001
0.997	0.001	0.001	0.001
0.001	0.001	0.001	0.997
0.001	0.001	0.997	0.001
0.997	0.001	0.001	0.001
0.001	0.001	0.997	0.001
0.897	0.001	0.101	0.001
0.102	0.055	0.074	0.769
0.997	0.001	0.001	0.001
0.101	0.001	0.897	0.001
>GCACAAGATACA	13-GCACAAGATACA	13.986155	-47.776633	0	T:13.0(3.66%),B:20.8(0.04%),P:1e-20	Tpos:117.8,Tstd:63.2,Bpos:110.4,Bstd:62.9,StrandBias:0.7,Multiplicity:1.00
0.001	0.100	0.898	0.001
0.001	0.997	0.001	0.001
0.997	0.001	0.001	0.001
0.001	0.997	0.001	0.001
0.997	0.001	0.001	0.001
0.997	0.001	0.001	0.001
0.100	0.001	0.898	0.001
0.997	0.001	0.001	0.001
0.001	0.100	0.001	0.898
0.997	0.001	0.001	0.001
0.100	0.898	0.001	0.001
0.997	0.001	0.001	0.001
>AGTTGCTCTGGT	14-AGTTGCTCTGGT	9.367966	-40.675574	0	T:28.0(7.89%),B:410.7(0.85%),P:1e-17	Tpos:109.0,Tstd:52.4,Bpos:100.8,Bstd:66.4,StrandBias:-0.5,Multiplicity:1.04
0.838	0.037	0.040	0.085
0.001	0.001	0.997	0.001
0.001	0.180	0.001	0.818
0.051	0.193	0.132	0.624
0.092	0.085	0.732	0.091
0.001	0.866	0.051	0.082
0.051	0.001	0.051	0.897
0.001	0.914	0.084	0.001
0.101	0.001	0.001	0.897
0.103	0.001	0.895	0.001
0.002	0.118	0.829	0.051
0.102	0.142	0.058	0.698
>TGGACTAACTGG	15-TGGACTAACTGG	14.640156	-29.365923	0	T:5.0(1.41%),B:1.7(0.00%),P:1e-12	Tpos:109.6,Tstd:14.0,Bpos:164.6,Bstd:3.7,StrandBias:-0.6,Multiplicity:1.00
0.001	0.001	0.001	0.997
0.001	0.001	0.997	0.001
0.001	0.001	0.997	0.001
0.997	0.001	0.001	0.001
0.001	0.997	0.001	0.001
0.001	0.249	0.001	0.749
0.749	0.249	0.001	0.001
0.997	0.001	0.001	0.001
0.249	0.749	0.001	0.001
0.001	0.001	0.001	0.997
0.001	0.001	0.997	0.001
0.001	0.001	0.997	0.001
>AAAGAAGCTGGC	16-AAAGAAGCTGGC	10.701814	-28.137245	0	T:17.0(4.79%),B:206.0(0.43%),P:1e-12	Tpos:73.0,Tstd:47.1,Bpos:97.6,Bstd:70.5,StrandBias:-0.5,Multiplicity:1.12
0.682	0.141	0.001	0.176
0.687	0.088	0.224	0.001
0.562	0.001	0.201	0.236
0.001	0.001	0.997	0.001
0.997	0.001	0.001	0.001
0.783	0.001	0.128	0.088
0.001	0.001	0.908	0.090
0.001	0.923	0.001	0.075
0.044	0.092	0.001	0.863
0.001	0.001	0.997	0.001
0.180	0.092	0.727	0.001
0.063	0.934	0.001	0.002
>TCCTGGAAWGTG	17-TCCTGGAAWGTG	13.329751	-26.520831	0	T:8.0(2.25%),B:19.2(0.04%),P:1e-11	Tpos:123.9,Tstd:51.3,Bpos:118.0,Bstd:70.9,StrandBias:0.0,Multiplicity:1.00
0.001	0.001	0.001	0.997
0.001	0.840	0.158	0.001
0.001	0.840	0.001	0.158
0.001	0.001	0.001	0.997
0.001	0.001	0.997	0.001
0.001	0.001	0.997	0.001
0.997	0.001	0.001	0.001
0.997	0.001	0.001	0.001
0.556	0.001	0.001	0.442
0.001	0.238	0.760	0.001
0.001	0.158	0.001	0.840
0.001	0.001	0.997	0.001
>AGTTAGGAGTCA	18-AGTTAGGAGTCA	14.257152	-25.906250	0	T:5.0(1.41%),B:2.0(0.00%),P:1e-11	Tpos:85.4,Tstd:61.7,Bpos:103.4,Bstd:60.0,StrandBias:0.6,Multiplicity:1.00
0.997	0.001	0.001	0.001
0.001	0.001	0.997	0.001
0.001	0.001	0.199	0.799
0.200	0.200	0.001	0.599
0.997	0.001	0.001	0.001
0.001	0.001	0.997	0.001
0.001	0.001	0.997	0.001
0.799	0.199	0.001	0.001
0.001	0.001	0.997	0.001
0.001	0.001	0.001	0.997
0.001	0.997	0.001	0.001
0.997	0.001	0.001	0.001
>CAGGAGGTTAGG	19-CAGGAGGTTAGG	10.591105	-24.390202	0	T:16.0(4.51%),B:225.0(0.47%),P:1e-10	Tpos:104.8,Tstd:37.5,Bpos:98.1,Bstd:71.0,StrandBias:-0.4,Multiplicity:1.00
0.001	0.997	0.001	0.001
0.694	0.001	0.001	0.304
0.001	0.029	0.969	0.001
0.017	0.012	0.727	0.244
0.846	0.001	0.152	0.001
0.243	0.001	0.755	0.001
0.027	0.001	0.971	0.001
0.001	0.001	0.117	0.881
0.001	0.262	0.039	0.698
0.951	0.001	0.001	0.047
0.025	0.001	0.691	0.283
0.017	0.001	0.698	0.284
>TGGCAGGAACAG	20-TGGCAGGAACAG	11.636935	-23.577609	0	T:16.0(4.51%),B:238.7(0.50%),P:1e-10	Tpos:78.2,Tstd:53.4,Bpos:94.8,Bstd:59.0,StrandBias:-1.1,Multiplicity:1.00
0.001	0.001	0.375	0.623
0.001	0.195	0.803	0.001
0.001	0.001	0.909	0.089
0.175	0.745	0.079	0.001
0.647	0.001	0.083	0.269
0.001	0.001	0.997	0.001
0.001	0.001	0.997	0.001
0.734	0.189	0.076	0.001
0.619	0.101	0.279	0.001
0.274	0.721	0.004	0.001
0.997	0.001	0.001	0.001
0.001	0.001	0.997	0.001
>GACGGTTAAGGC	21-GACGGTTAAGGC	14.640156	-22.836112	0	T:4.0(1.13%),B:1.6(0.00%),P:1e-9	Tpos:102.2,Tstd:20.6,Bpos:113.0,Bstd:0.0,StrandBias:0.0,Multiplicity:1.00
0.001	0.001	0.997	0.001
0.997	0.001	0.001	0.001
0.249	0.749	0.001	0.001
0.249	0.001	0.749	0.001
0.001	0.001	0.997	0.001
0.001	0.001	0.001	0.997
0.001	0.001	0.249	0.749
0.997	0.001	0.001	0.001
0.997	0.001	0.001	0.001
0.001	0.001	0.997	0.001
0.001	0.001	0.997	0.001
0.001	0.997	0.001	0.001
>CAAAACAGCATT	22-CAAAACAGCATT	15.453628	-20.069359	0	T:4.0(1.13%),B:2.8(0.01%),P:1e-8	Tpos:99.5,Tstd:58.5,Bpos:76.5,Bstd:29.6,StrandBias:0.0,Multiplicity:1.00
0.001	0.997	0.001	0.001
0.997	0.001	0.001	0.001
0.997	0.001	0.001	0.001
0.997	0.001	0.001	0.001
0.997	0.001	0.001	0.001
0.001	0.997	0.001	0.001
0.997	0.001	0.001	0.001
0.001	0.001	0.997	0.001
0.001	0.997	0.001	0.001
0.997	0.001	0.001	0.001
0.001	0.001	0.001	0.997
0.001	0.317	0.001	0.681
>ACCATCAAGTGA	23-ACCATCAAGTGA	14.334004	-19.672736	0	T:5.0(1.41%),B:7.3(0.02%),P:1e-8	Tpos:98.8,Tstd:44.6,Bpos:79.9,Bstd:54.8,StrandBias:0.6,Multiplicity:1.00
0.997	0.001	0.001	0.001
0.001	0.997	0.001	0.001
0.001	0.997	0.001	0.001
0.997	0.001	0.001	0.001
0.001	0.001	0.001	0.997
0.268	0.730	0.001	0.001
0.997	0.001	0.001	0.001
0.805	0.001	0.193	0.001
0.268	0.001	0.730	0.001
0.001	0.001	0.001	0.997
0.001	0.001	0.997	0.001
0.997	0.001	0.001	0.001
>TTGMARCTSGTG	24-TTGMARCTSGTG	10.560456	-16.273808	0	T:11.0(3.10%),B:170.8(0.36%),P:1e-7	Tpos:111.4,Tstd:51.5,Bpos:103.8,Bstd:77.8,StrandBias:-0.3,Multiplicity:1.00
0.001	0.290	0.001	0.708
0.269	0.001	0.001	0.729
0.001	0.001	0.997	0.001
0.508	0.490	0.001	0.001
0.553	0.142	0.220	0.085
0.547	0.006	0.446	0.001
0.001	0.997	0.001	0.001
0.133	0.001	0.001	0.865
0.001	0.407	0.453	0.139
0.268	0.004	0.727	0.001
0.007	0.001	0.134	0.858
0.001	0.001	0.997	0.001
