>CCCYCAGGCTTR	10-YAAGCCTGRGGG	14.001295	-439.016045	0	T:188.0(0.45%),B:7.4(0.02%),P:1e-190
0.039	0.862	0.069	0.030
0.020	0.954	0.010	0.016
0.016	0.953	0.007	0.024
0.047	0.445	0.015	0.494
0.017	0.920	0.051	0.012
0.917	0.015	0.028	0.040
0.017	0.011	0.958	0.014
0.026	0.033	0.924	0.017
0.018	0.915	0.039	0.028
0.074	0.039	0.011	0.876
0.061	0.079	0.051	0.809
0.425	0.030	0.473	0.072
