>ACCGGTAATCTG	6-ACCGGTAATCTG,BestGuess:Six1(Homeobox)/Myoblast-Six1-ChIP-Chip(GSE20150)/Homer(0.646)	11.382627	-471.711994	0	T:123.0(0.29%),B:1.2(0.00%),P:1e-204
0.832	0.013	0.110	0.045
0.032	0.888	0.032	0.048
0.087	0.760	0.038	0.115
0.252	0.086	0.611	0.051
0.086	0.054	0.828	0.032
0.064	0.086	0.122	0.728
0.892	0.070	0.019	0.019
0.911	0.038	0.019	0.032
0.032	0.099	0.045	0.824
0.019	0.863	0.086	0.032
0.019	0.025	0.019	0.937
0.013	0.025	0.943	0.019
