>CCCCCCCCCCCC	25-CCCCCCCCCCCC,BestGuess:PB0097.1_Zfp281_1/Jaspar(0.913)	6.679120	-184.386920	0	T:4897.0(11.72%),B:3689.9(8.95%),P:1e-80
0.083	0.654	0.139	0.124
0.093	0.660	0.119	0.128
0.090	0.663	0.120	0.127
0.097	0.659	0.121	0.123
0.091	0.676	0.117	0.116
0.089	0.691	0.105	0.115
0.092	0.689	0.102	0.117
0.092	0.671	0.111	0.126
0.096	0.657	0.115	0.132
0.100	0.654	0.118	0.128
0.097	0.666	0.119	0.118
0.097	0.661	0.121	0.121
